tests/2D_interpolations/2009-01-19T12.00_HNW_ref.asc
ncols               386
nrows               229
xllcorner    479497.492
yllcorner     73502.967
cellsize       1000.000
NODATA_value -999
[rows 66 to 98 of 229, columns 73 to 145 of 386]
-999.000 -999.000 -999.000 -999.000 -999.000 -999.000 -999.000 -999.000 -999.000 -999.000 0.354 0.600 0.613 0.625 0.633 0.665 0.684 0.663 0.654 0.642 0.637 0.644 0.675 0.681 0.675 0.694 0.696 0.735 0.633 0.570 0.574 0.543 0.581 0.594 0.662 0.647 0.593 0.554 0.493 0.422 0.399 0.396 0.381 0.412 0.408 0.451 0.476 0.545 0.497 0.649 0.798 0.552 0.536 0.476 0.502 0.530 0.604 0.798 0.698 0.731 0.738 0.698 0.615 0.596 0.465 0.436 0.332 0.320 0.316 0.314 0.313 0.337 0.332
-999.000 -999.000 -999.000 -999.000 -999.000 -999.000 -999.000 -999.000 -999.000 -999.000 0.342 0.555 0.601 0.697 0.736 0.679 0.650 0.672 0.678 0.720 0.688 0.698 0.686 0.726 0.735 0.725 0.744 0.622 0.676 0.715 0.686 0.729 0.788 0.792 0.887 0.820 0.803 0.746 0.609 0.522 0.492 0.388 0.464 0.514 0.532 0.542 0.618 0.756 0.606 0.498 0.544 0.521 0.602 0.679 0.662 0.756 0.703 0.570 0.502 0.573 0.552 0.546 0.493 0.449 0.397 0.345 0.321 0.318 0.317 0.316 0.314 0.331 0.298
-999.000 -999.000 -999.000 -999.000 -999.000 -999.000 -999.000 -999.000 -999.000 -999.000 -999.000 0.502 0.602 0.655 0.675 0.660 0.669 0.693 0.694 0.700 0.703 0.710 0.698 0.721 0.713 0.706 0.653 0.644 0.649 0.724 0.733 0.766 0.860 0.864 0.836 0.671 0.605 0.626 0.665 0.700 0.443 0.673 0.812 0.844 0.804 0.810 0.832 0.751 0.603 0.561 0.735 0.708 0.796 0.865 0.878 0.796 0.477 0.436 0.423 0.478 0.412 0.407 0.379 0.340 0.329 0.325 0.323 0.320 0.318 0.322 0.330 0.307 0.301
-999.000 -999.000 -999.000 -999.000 -999.000 -999.000 -999.000 -999.000 -999.000 -999.000 -999.000 0.517 0.670 0.690 0.674 0.679 0.679 0.706 0.703 0.715 0.701 0.720 0.709 0.720 0.740 0.762 0.780 0.714 0.653 0.594 0.549 0.582 0.605 0.591 0.585 0.575 0.543 0.551 0.581 0.638 0.471 0.634 0.676 0.654 0.616 0.602 0.728 0.807 0.879 0.721 0.810 0.783 0.827 0.696 0.681 0.477 0.421 0.375 0.344 0.336 0.323 0.317 0.323 0.314 0.315 0.310 0.338 0.329 0.339 0.326 0.310 0.304 0.288
-999.000 -999.000 -999.000 -999.000 -999.000 -999.000 -999.000 -999.000 -999.000 -999.000 0.480 0.648 0.741 0.693 0.700 0.689 0.718 0.694 0.700 0.696 0.699 0.706 0.747 0.788 0.810 0.777 0.723 0.567 0.541 0.554 0.543 0.528 0.515 0.494 0.487 0.495 0.477 0.471 0.476 0.464 0.489 0.517 0.544 0.598 0.757 0.771 0.870 0.894 0.871 0.718 0.637 0.489 0.508 0.434 0.430 0.380 0.414 0.387 0.340 0.320 0.315 0.332 0.311 0.290 0.290 0.290 0.324 0.343 0.329 0.318 0.287 0.302 0.310
-999.000 -999.000 -999.000 -999.000 -999.000 -999.000 -999.000 -999.000 -999.000 0.474 0.553 0.705 0.673 0.669 0.700 0.718 0.707 0.701 0.683 0.693 0.728 0.746 0.711 0.629 0.604 0.637 0.602 0.580 0.549 0.551 0.516 0.537 0.558 0.554 0.553 0.537 0.553 0.571 0.572 0.600 0.721 0.793 0.847 0.961 0.937 0.831 0.722 0.583 0.523 0.458 0.415 0.403 0.387 0.383 0.354 0.381 0.333 0.331 0.319 0.294 0.294 0.291 0.292 0.293 0.312 0.322 0.321 0.308 0.304 0.296 0.311 0.329 0.318
-999.000 -999.000 -999.000 -999.000 -999.000 -999.000 -999.000 -999.000 0.448 0.676 0.693 0.678 0.675 0.702 0.741 0.708 0.694 0.682 0.708 0.701 0.670 0.623 0.622 0.655 0.685 0.695 0.688 0.681 0.564 0.524 0.569 0.620 0.650 0.683 0.781 0.787 0.829 0.863 0.821 0.808 0.855 0.843 0.842 0.880 0.742 0.655 0.530 0.460 0.422 0.395 0.383 0.371 0.356 0.341 0.353 0.317 0.314 0.308 0.296 0.296 0.294 0.294 0.300 0.298 0.327 0.338 0.318 0.312 0.311 0.315 0.353 0.324 0.321
-999.000 -999.000 -999.000 -999.000 -999.000 -999.000 -999.000 0.531 0.685 0.690 0.681 0.701 0.760 0.766 0.716 0.690 0.685 0.738 0.730 0.711 0.696 0.716 0.734 0.751 0.757 0.755 0.706 0.673 0.638 0.642 0.770 0.788 0.850 0.883 0.811 0.840 0.777 0.793 0.748 0.663 0.673 0.757 0.756 0.700 0.513 0.452 0.402 0.363 0.368 0.331 0.321 0.303 0.306 0.307 0.309 0.304 0.297 0.298 0.299 0.300 0.300 0.304 0.320 0.324 0.332 0.332 0.319 0.312 0.318 0.326 0.329 0.331 0.330
-999.000 -999.000 -999.000 -999.000 -999.000 0.399 0.570 0.683 0.706 0.706 0.733 0.793 0.782 0.709 0.712 0.712 0.736 0.760 0.787 0.820 0.824 0.802 0.753 0.670 0.543 0.539 0.574 0.599 0.544 0.746 0.766 0.780 0.618 0.636 0.558 0.513 0.605 0.725 0.765 0.788 0.766 0.609 0.461 0.402 0.368 0.369 0.333 0.313 0.311 0.299 0.297 0.297 0.297 0.297 0.297 0.302 0.300 0.301 0.301 0.303 0.302 0.319 0.321 0.326 0.325 0.322 0.317 0.320 0.328 0.334 0.346 0.353 0.355
-999.000 -999.000 -999.000 -999.000 -999.000 0.559 0.651 0.695 0.717 0.769 0.782 0.773 0.721 0.715 0.728 0.763 0.817 0.846 0.866 0.727 0.634 0.549 0.483 0.477 0.468 0.456 0.455 0.457 0.625 0.610 0.473 0.514 0.444 0.437 0.520 0.677 0.641 0.610 0.568 0.486 0.498 0.464 0.394 0.328 0.317 0.312 0.305 0.300 0.297 0.297 0.297 0.297 0.303 0.308 0.317 0.325 0.319 0.339 0.304 0.306 0.306 0.311 0.320 0.322 0.330 0.345 0.313 0.320 0.332 0.352 0.374 0.347 0.339
-999.000 -999.000 -999.000 -999.000 0.473 0.641 0.694 0.728 0.742 0.721 0.719 0.707 0.727 0.740 0.822 0.861 0.850 0.785 0.660 0.507 0.489 0.474 0.508 0.514 0.480 0.540 0.573 0.570 0.585 0.457 0.543 0.528 0.619 0.566 0.649 0.622 0.507 0.577 0.621 0.581 0.474 0.392 0.320 0.323 0.300 0.299 0.297 0.297 0.297 0.297 0.322 0.333 0.340 0.361 0.369 0.350 0.316 0.308 0.308 0.309 0.308 0.315 0.327 0.343 0.349 0.333 0.319 0.327 0.349 0.357 0.332 0.340 0.361
-999.000 -999.000 -999.000 0.564 0.645 0.651 0.715 0.705 0.706 0.703 0.696 0.722 0.746 0.817 0.838 0.848 0.726 0.601 0.491 0.487 0.519 0.558 0.701 0.769 0.721 0.775 0.802 0.828 0.651 0.605 0.670 0.781 0.456 0.622 0.568 0.529 0.674 0.501 0.352 0.320 0.306 0.301 0.300 0.297 0.297 0.297 0.297 0.297 0.306 0.330 0.357 0.358 0.380 0.380 0.360 0.324 0.315 0.311 0.312 0.313 0.321 0.333 0.340 0.346 0.328 0.329 0.322 0.329 0.335 0.333 0.337 0.360 0.385
-999.000 -999.000 -999.000 0.420 0.490 0.688 0.703 0.712 0.716 0.711 0.726 0.762 0.820 0.888 0.806 0.642 0.574 0.498 0.529 0.576 0.718 0.829 0.809 0.795 0.823 0.855 0.877 0.887 0.899 0.778 0.694 0.554 0.443 0.373 0.493 0.493 0.337 0.304 0.301 0.347 0.330 0.315 0.298 0.297 0.297 0.297 0.306 0.337 0.351 0.367 0.381 0.384 0.365 0.346 0.322 0.318 0.333 0.314 0.316 0.316 0.322 0.330 0.342 0.341 0.325 0.345 0.366 0.328 0.331 0.367 0.394 0.408 0.418
-999.000 -999.000 -999.000 0.630 0.686 0.644 0.710 0.720 0.728 0.772 0.805 0.839 0.836 0.818 0.592 0.517 0.550 0.649 0.741 0.839 0.842 0.865 0.919 0.836 0.858 0.896 0.853 0.773 0.677 0.509 0.464 0.449 0.514 0.453 0.381 0.305 0.307 0.381 0.376 0.344 0.305 0.298 0.296 0.297 0.298 0.303 0.362 0.378 0.388 0.382 0.385 0.338 0.343 0.365 0.330 0.319 0.317 0.318 0.319 0.318 0.318 0.327 0.332 0.325 0.338 0.348 0.384 0.346 0.405 0.380 0.414 0.467 0.471
-999.000 -999.000 0.580 0.686 0.678 0.631 0.692 0.729 0.776 0.819 0.827 0.804 0.673 0.547 0.539 0.563 0.690 0.829 0.920 0.955 1.005 0.951 0.889 0.849 0.831 0.812 0.751 0.735 0.570 0.516 0.587 0.548 0.447 0.334 0.306 0.314 0.361 0.349 0.302 0.299 0.298 0.298 0.296 0.298 0.302 0.332 0.366 0.384 0.390 0.350 0.387 0.372 0.346 0.335 0.322 0.321 0.322 0.323 0.323 0.322 0.321 0.321 0.325 0.325 0.366 0.359 0.372 0.416 0.416 0.386 0.439 0.457 0.413
0.459 0.656 0.711 0.689 0.689 0.680 0.720 0.761 0.787 0.793 0.621 0.559 0.555 0.659 0.733 0.795 0.740 0.989 1.033 1.080 1.030 0.874 0.760 0.736 0.818 0.901 0.893 0.736 0.590 0.669 0.607 0.455 0.311 0.303 0.319 0.309 0.304 0.310 0.300 0.298 0.297 0.299 0.303 0.317 0.342 0.343 0.377 0.386 0.387 0.408 0.393 0.398 0.382 0.322 0.323 0.324 0.325 0.329 0.326 0.331 0.325 0.350 0.359 0.379 0.377 0.405 0.355 0.353 0.435 0.460 0.459 0.465 0.430
0.699 0.734 0.707 0.691 0.716 0.750 0.735 0.736 0.740 0.585 0.607 0.703 0.753 0.757 0.768 0.813 0.980 0.994 1.064 0.944 0.827 0.724 0.683 0.884 0.892 0.816 0.632 0.721 0.736 0.630 0.378 0.297 0.299 0.303 0.310 0.318 0.321 0.299 0.298 0.298 0.298 0.353 0.366 0.332 0.340 0.352 0.386 0.404 0.415 0.440 0.432 0.410 0.330 0.322 0.325 0.328 0.328 0.330 0.332 0.329 0.332 0.343 0.389 0.406 0.405 0.348 0.436 0.417 0.443 0.509 0.434 0.452 0.456
0.754 0.743 0.710 0.713 0.717 0.730 0.750 0.656 0.602 0.688 0.762 0.777 0.785 0.782 0.764 0.883 0.983 0.984 0.858 0.756 0.699 0.672 0.721 0.765 0.614 0.584 0.652 0.665 0.570 0.404 0.297 0.297 0.298 0.298 0.300 0.298 0.300 0.299 0.300 0.298 0.360 0.341 0.319 0.331 0.350 0.374 0.389 0.415 0.425 0.432 0.360 0.343 0.322 0.322 0.336 0.331 0.332 0.335 0.336 0.338 0.334 0.349 0.369 0.350 0.411 0.393 0.417 0.444 0.445 0.522 0.533 0.435 0.439
0.788 0.700 0.687 0.742 0.739 0.742 0.642 0.622 0.750 0.823 0.843 0.825 0.819 0.775 0.711 0.913 0.925 0.789 0.705 0.633 0.604 0.625 0.615 0.564 0.545 0.578 0.599 0.482 0.368 0.297 0.297 0.301 0.342 0.337 0.310 0.339 0.346 0.301 0.300 0.300 0.301 0.307 0.317 0.336 0.374 0.414 0.422 0.416 0.401 0.326 0.325 0.325 0.344 0.334 0.335 0.335 0.336 0.338 0.339 0.339 0.339 0.362 0.366 0.357 0.384 0.388 0.479 0.504 0.500 0.522 0.509 0.489 0.463
0.716 0.687 0.715 0.782 0.740 0.644 0.722 0.801 0.790 0.793 0.797 0.828 0.721 0.651 0.818 0.899 0.741 0.669 0.609 0.572 0.563 0.559 0.557 0.571 0.569 0.550 0.446 0.328 0.297 0.297 0.300 0.304 0.333 0.365 0.337 0.304 0.302 0.301 0.301 0.304 0.319 0.341 0.357 0.366 0.385 0.423 0.396 0.326 0.325 0.325 0.328 0.336 0.367 0.343 0.335 0.339 0.340 0.342 0.342 0.348 0.347 0.394 0.374 0.370 0.366 0.385 0.388 0.452 0.490 0.545 0.498 0.533 0.523
0.694 0.726 0.729 0.782 0.682 0.803 0.848 0.880 0.841 0.753 0.646 0.616 0.607 0.662 0.844 0.753 0.669 0.617 0.590 0.557 0.554 0.564 0.575 0.594 0.550 0.370 0.297 0.297 0.297 0.297 0.314 0.337 0.362 0.330 0.304 0.304 0.303 0.302 0.310 0.343 0.346 0.366 0.373 0.346 0.336 0.329 0.328 0.336 0.339 0.335 0.355 0.378 0.360 0.350 0.339 0.341 0.343 0.346 0.346 0.346 0.402 0.374 0.405 0.366 0.443 0.470 0.459 0.469 0.461 0.518 0.548 0.537 0.552
0.726 0.718 0.787 0.801 0.808 0.922 0.947 0.952 0.775 0.715 0.717 0.680 0.631 0.690 0.884 0.738 0.648 0.699 0.593 0.547 0.548 0.610 0.585 0.554 0.329 0.297 0.297 0.297 0.297 0.297 0.340 0.369 0.359 0.311 0.304 0.304 0.304 0.304 0.349 0.339 0.363 0.349 0.349 0.330 0.329 0.337 0.347 0.374 0.367 0.375 0.362 0.395 0.369 0.348 0.342 0.343 0.346 0.350 0.351 0.350 0.352 0.384 0.380 0.379 0.442 0.472 0.475 0.468 0.537 0.532 0.525 0.489 0.489
0.756 0.793 0.779 0.841 0.915 0.902 0.839 0.812 0.751 0.669 0.621 0.587 0.562 0.780 0.841 0.713 0.674 0.617 0.536 0.535 0.548 0.553 0.429 0.297 0.297 0.297 0.297 0.297 0.297 0.340 0.370 0.359 0.314 0.307 0.306 0.305 0.304 0.307 0.344 0.354 0.380 0.391 0.350 0.356 0.357 0.364 0.375 0.383 0.378 0.368 0.376 0.394 0.370 0.365 0.347 0.345 0.348 0.353 0.356 0.358 0.412 0.360 0.366 0.452 0.482 0.500 0.492 0.547 0.588 0.535 0.514 0.528 0.551
0.829 0.765 0.775 0.900 0.845 0.810 0.777 0.621 0.539 0.505 0.506 0.532 0.578 0.841 0.723 0.632 0.590 0.510 0.452 0.417 0.398 0.322 0.297 0.297 0.297 0.297 0.297 0.297 0.297 0.338 0.318 0.308 0.332 0.307 0.307 0.306 0.306 0.314 0.318 0.333 0.369 0.356 0.360 0.359 0.359 0.358 0.374 0.395 0.391 0.396 0.409 0.386 0.370 0.370 0.358 0.353 0.356 0.360 0.358 0.360 0.363 0.393 0.408 0.480 0.431 0.453 0.534 0.557 0.541 0.562 0.526 0.512 0.554
0.784 0.753 0.908 0.909 0.816 0.651 0.569 0.531 0.509 0.506 0.517 0.547 0.686 0.766 0.648 0.592 0.476 0.387 0.320 0.304 0.297 0.297 0.297 0.297 0.297 0.297 0.297 0.298 0.315 0.304 0.315 0.312 0.307 0.308 0.308 0.308 0.309 0.326 0.345 0.343 0.342 0.353 0.359 0.359 0.366 0.371 0.379 0.391 0.399 0.416 0.395 0.377 0.374 0.365 0.353 0.354 0.363 0.365 0.377 0.374 0.371 0.372 0.451 0.411 0.440 0.515 0.547 0.512 0.519 0.580 0.536 0.522 0.527
0.723 0.831 0.947 0.813 0.686 0.581 0.542 0.523 0.514 0.507 0.521 0.573 0.786 0.681 0.502 0.435 0.312 0.299 0.299 0.298 0.297 0.297 0.297 0.297 0.297 0.297 0.297 0.323 0.304 0.315 0.305 0.305 0.307 0.309 0.309 0.315 0.324 0.369 0.347 0.349 0.354 0.351 0.359 0.361 0.378 0.391 0.404 0.427 0.392 0.394 0.384 0.383 0.367 0.356 0.356 0.355 0.365 0.368 0.391 0.393 0.403 0.376 0.430 0.408 0.478 0.549 0.534 0.510 0.536 0.540 0.547 0.526 0.600
0.811 0.921 0.878 0.762 0.618 0.551 0.525 0.502 0.502 0.533 0.590 0.722 0.774 0.462 0.445 0.322 0.300 0.298 0.299 0.300 0.385 0.301 0.297 0.297 0.311 0.325 0.390 0.305 0.331 0.308 0.306 0.307 0.308 0.310 0.311 0.311 0.363 0.359 0.376 0.358 0.395 0.381 0.358 0.361 0.363 0.365 0.375 0.402 0.379 0.391 0.383 0.374 0.365 0.356 0.360 0.367 0.370 0.386 0.438 0.436 0.426 0.379 0.380 0.464 0.530 0.539 0.500 0.485 0.528 0.569 0.492 0.545 0.493
0.907 0.923 0.837 0.616 0.559 0.533 0.517 0.488 0.513 0.626 0.790 0.785 0.523 0.402 0.401 0.306 0.300 0.301 0.310 0.389 0.324 0.312 0.316 0.336 0.360 0.384 0.306 0.305 0.317 0.304 0.305 0.306 0.308 0.315 0.311 0.358 0.366 0.377 0.407 0.431 0.478 0.443 0.409 0.381 0.426 0.411 0.370 0.364 0.364 0.388 0.394 0.379 0.360 0.361 0.370 0.381 0.374 0.416 0.441 0.477 0.394 0.425 0.383 0.416 0.521 0.471 0.439 0.471 0.516 0.528 0.483 0.495 0.505
0.946 0.837 0.673 0.582 0.546 0.521 0.505 0.480 0.628 0.791 0.699 0.527 0.414 0.352 0.301 0.329 0.300 0.304 0.390 0.333 0.315 0.308 0.356 0.402 0.372 0.310 0.305 0.329 0.304 0.304 0.305 0.304 0.336 0.345 0.318 0.363 0.369 0.438 0.440 0.519 0.491 0.464 0.451 0.429 0.467 0.446 0.423 0.397 0.381 0.372 0.361 0.365 0.362 0.363 0.385 0.422 0.404 0.449 0.453 0.443 0.453 0.466 0.387 0.392 0.454 0.437 0.487 0.540 0.536 0.452 0.467 0.508 0.561
0.892 0.734 0.602 0.561 0.540 0.526 0.511 0.534 0.650 0.580 0.476 0.381 0.313 0.301 0.318 0.312 0.299 0.299 0.301 0.301 0.305 0.340 0.362 0.370 0.344 0.305 0.320 0.326 0.304 0.304 0.305 0.345 0.346 0.314 0.383 0.405 0.432 0.440 0.498 0.540 0.498 0.494 0.465 0.463 0.467 0.456 0.422 0.404 0.401 0.381 0.372 0.365 0.376 0.396 0.387 0.441 0.414 0.408 0.486 0.485 0.502 0.538 0.448 0.407 0.395 0.417 0.471 0.489 0.453 0.442 0.522 0.520 0.492
0.789 0.679 0.562 0.548 0.537 0.542 0.537 0.483 0.468 0.434 0.358 0.297 0.297 0.297 0.299 0.297 0.297 0.299 0.299 0.300 0.301 0.309 0.330 0.329 0.315 0.303 0.302 0.302 0.303 0.304 0.311 0.354 0.318 0.318 0.411 0.481 0.540 0.547 0.540 0.526 0.498 0.456 0.430 0.447 0.471 0.435 0.412 0.413 0.395 0.387 0.395 0.398 0.430 0.444 0.463 0.499 0.405 0.433 0.460 0.485 0.553 0.556 0.441 0.430 0.414 0.405 0.405 0.428 0.422 0.472 0.455 0.491 0.512
0.742 0.609 0.538 0.547 0.523 0.475 0.452 0.418 0.353 0.303 0.297 0.297 0.297 0.297 0.297 0.297 0.297 0.297 0.299 0.299 0.299 0.300 0.301 0.301 0.304 0.306 0.301 0.301 0.302 0.304 0.347 0.339 0.319 0.368 0.396 0.460 0.482 0.490 0.495 0.460 0.432 0.433 0.433 0.418 0.417 0.405 0.395 0.385 0.391 0.384 0.422 0.445 0.547 0.495 0.473 0.481 0.441 0.509 0.537 0.526 0.546 0.528 0.550 0.456 0.457 0.475 0.489 0.423 0.416 0.421 0.513 0.558 0.620
0.555 0.539 0.468 0.427 0.410 0.371 0.354 0.315 0.297 0.297 0.297 0.297 0.297 0.297 0.297 0.297 0.297 0.297 0.299 0.299 0.299 0.299 0.299 0.299 0.300 0.300 0.301 0.301 0.301 0.311 0.341 0.369 0.384 0.319 0.403 0.421 0.367 0.415 0.452 0.440 0.444 0.446 0.439 0.425 0.402 0.400 0.404 0.399 0.351 0.374 0.401 0.469 0.474 0.511 0.514 0.550 0.489 0.591 0.539 0.576 0.545 0.581 0.531 0.433 0.457 0.510 0.457 0.457 0.441 0.436 0.437 0.484 0.596
