tests/2D_interpolations/2009-01-19T12.00_HNW_ref.asc
ncols               386
nrows               229
xllcorner    479497.492
yllcorner     73502.967
cellsize       1000.000
NODATA_value -999
[rows 132 to 164 of 229, columns 0 to 72 of 386]
-999.000 -999.000 -999.000 -999.000 -999.000 -999.000 -999.000 -999.000 -999.000 -999.000 -999.000 -999.000 -999.000 -999.000 -999.000 -999.000 -999.000 -999.000 -999.000 -999.000 -999.000 -999.000 -999.000 -999.000 -999.000 -999.000 -999.000 -999.000 -999.000 -999.000 0.852 0.806 0.806 0.802 0.754 0.694 0.763 0.901 0.768 0.735 0.786 0.880 0.840 0.640 0.555 0.511 0.471 0.419 0.400 0.361 0.337 0.310 0.304 0.320 0.391 0.371 0.429 0.432 0.436 0.465 0.465 0.422 0.436 0.447 0.438 0.498 0.530 0.577 0.585 0.534 0.534 0.435 0.386
-999.000 -999.000 -999.000 -999.000 -999.000 -999.000 -999.000 -999.000 -999.000 -999.000 -999.000 -999.000 -999.000 -999.000 -999.000 -999.000 -999.000 -999.000 -999.000 -999.000 -999.000 -999.000 -999.000 -999.000 -999.000 -999.000 -999.000 -999.000 -999.000 0.923 0.860 0.810 0.765 0.737 0.699 0.695 0.760 0.761 0.745 0.756 0.869 0.834 0.669 0.575 0.525 0.495 0.441 0.426 0.368 0.352 0.339 0.310 0.307 0.344 0.408 0.400 0.426 0.427 0.446 0.459 0.446 0.450 0.460 0.451 0.467 0.507 0.520 0.541 0.555 0.560 0.456 0.365 0.350
-999.000 -999.000 -999.000 -999.000 -999.000 -999.000 -999.000 -999.000 -999.000 -999.000 -999.000 -999.000 -999.000 -999.000 -999.000 -999.000 -999.000 -999.000 -999.000 -999.000 -999.000 -999.000 -999.000 -999.000 -999.000 -999.000 -999.000 -999.000 0.969 0.889 0.793 0.765 0.746 0.725 0.695 0.715 0.763 0.762 0.764 0.828 0.828 0.676 0.596 0.534 0.496 0.463 0.421 0.395 0.371 0.345 0.364 0.368 0.350 0.359 0.413 0.409 0.426 0.424 0.442 0.452 0.435 0.445 0.468 0.460 0.495 0.528 0.529 0.509 0.506 0.407 0.404 0.376 0.478
-999.000 -999.000 -999.000 -999.000 -999.000 -999.000 -999.000 -999.000 -999.000 -999.000 -999.000 -999.000 -999.000 -999.000 -999.000 -999.000 -999.000 -999.000 -999.000 -999.000 -999.000 -999.000 -999.000 -999.000 -999.000 -999.000 -999.000 0.937 0.897 0.786 0.770 0.734 0.741 0.695 0.695 0.808 0.872 0.836 0.813 0.796 0.688 0.616 0.546 0.501 0.456 0.428 0.400 0.397 0.380 0.322 0.317 0.315 0.311 0.390 0.418 0.406 0.416 0.420 0.433 0.441 0.442 0.456 0.472 0.466 0.469 0.533 0.519 0.520 0.467 0.471 0.378 0.467 0.448
-999.000 -999.000 -999.000 -999.000 -999.000 -999.000 -999.000 -999.000 -999.000 -999.000 -999.000 -999.000 -999.000 -999.000 -999.000 -999.000 -999.000 -999.000 -999.000 -999.000 -999.000 -999.000 -999.000 -999.000 -999.000 -999.000 0.931 0.887 0.815 0.772 0.740 0.695 0.695 0.700 0.851 0.884 0.918 0.861 0.734 0.713 0.634 0.562 0.506 0.465 0.433 0.427 0.413 0.367 0.395 0.365 0.352 0.328 0.320 0.407 0.407 0.408 0.411 0.415 0.422 0.430 0.445 0.474 0.480 0.498 0.498 0.578 0.557 0.525 0.463 0.389 0.399 0.433 0.437
-999.000 -999.000 -999.000 -999.000 -999.000 -999.000 -999.000 -999.000 -999.000 -999.000 -999.000 -999.000 -999.000 -999.000 -999.000 -999.000 -999.000 -999.000 -999.000 -999.000 -999.000 -999.000 -999.000 -999.000 -999.000 0.946 0.885 0.837 0.786 0.736 0.695 0.695 0.717 0.892 0.937 0.966 0.897 0.947 0.756 0.700 0.591 0.521 0.471 0.443 0.426 0.416 0.380 0.388 0.399 0.386 0.348 0.305 0.370 0.394 0.402 0.402 0.408 0.414 0.433 0.443 0.461 0.483 0.491 0.532 0.547 0.595 0.579 0.519 0.469 0.470 0.433 0.477 0.420
-999.000 -999.000 -999.000 -999.000 -999.000 -999.000 -999.000 -999.000 -999.000 -999.000 -999.000 -999.000 -999.000 -999.000 -999.000 -999.000 -999.000 -999.000 -999.000 -999.000 -999.000 -999.000 -999.000 -999.000 0.938 0.900 0.841 0.789 0.733 0.695 0.695 0.732 0.870 0.932 0.990 0.957 0.911 0.961 0.748 0.603 0.530 0.487 0.450 0.444 0.431 0.407 0.383 0.410 0.398 0.391 0.305 0.340 0.360 0.385 0.412 0.410 0.410 0.420 0.432 0.460 0.497 0.509 0.521 0.548 0.582 0.595 0.598 0.542 0.476 0.520 0.447 0.530 0.430
-999.000 -999.000 -999.000 -999.000 -999.000 -999.000 -999.000 -999.000 -999.000 -999.000 -999.000 -999.000 -999.000 -999.000 -999.000 -999.000 -999.000 -999.000 -999.000 -999.000 -999.000 -999.000 -999.000 0.933 0.893 0.831 0.804 0.751 0.699 0.696 0.762 0.879 0.926 0.965 0.976 0.993 0.992 0.825 0.678 0.537 0.485 0.460 0.451 0.437 0.430 0.416 0.387 0.418 0.404 0.338 0.339 0.347 0.347 0.382 0.419 0.408 0.412 0.420 0.449 0.450 0.502 0.518 0.563 0.566 0.590 0.616 0.600 0.535 0.501 0.523 0.461 0.532 0.394
-999.000 -999.000 -999.000 -999.000 -999.000 -999.000 -999.000 -999.000 -999.000 -999.000 -999.000 -999.000 -999.000 -999.000 -999.000 -999.000 -999.000 -999.000 -999.000 -999.000 -999.000 -999.000 0.916 0.886 0.852 0.796 0.751 0.700 0.699 0.765 0.873 0.919 0.938 0.984 1.059 1.060 0.928 0.726 0.582 0.503 0.462 0.457 0.447 0.440 0.409 0.398 0.392 0.417 0.395 0.381 0.297 0.341 0.357 0.393 0.420 0.408 0.419 0.430 0.477 0.496 0.500 0.536 0.579 0.570 0.591 0.617 0.583 0.537 0.486 0.491 0.485 0.512 0.403
-999.000 -999.000 -999.000 -999.000 -999.000 -999.000 -999.000 -999.000 -999.000 -999.000 -999.000 -999.000 -999.000 -999.000 -999.000 -999.000 -999.000 -999.000 -999.000 -999.000 0.931 0.914 0.877 0.824 0.778 0.739 0.715 0.703 0.800 0.897 0.904 0.914 0.985 1.087 1.097 1.011 0.879 0.769 0.526 0.484 0.464 0.457 0.460 0.438 0.424 0.409 0.394 0.387 0.374 0.372 0.318 0.325 0.349 0.405 0.418 0.409 0.421 0.449 0.476 0.499 0.514 0.539 0.549 0.577 0.613 0.606 0.581 0.527 0.493 0.514 0.498 0.496 0.410
-999.000 -999.000 -999.000 -999.000 -999.000 -999.000 -999.000 -999.000 -999.000 -999.000 -999.000 -999.000 -999.000 -999.000 -999.000 -999.000 -999.000 -999.000 -999.000 0.923 0.889 0.856 0.850 0.785 0.761 0.720 0.707 0.815 0.932 0.959 0.916 0.987 1.055 1.087 1.020 0.953 0.892 0.690 0.498 0.482 0.463 0.471 0.467 0.433 0.420 0.414 0.384 0.380 0.373 0.347 0.289 0.311 0.351 0.401 0.409 0.403 0.420 0.454 0.474 0.484 0.519 0.528 0.533 0.601 0.619 0.633 0.598 0.537 0.511 0.497 0.516 0.477 0.410
-999.000 -999.000 -999.000 -999.000 -999.000 -999.000 -999.000 -999.000 -999.000 -999.000 -999.000 -999.000 -999.000 -999.000 -999.000 -999.000 -999.000 -999.000 -999.000 0.889 0.869 0.833 0.843 0.803 0.721 0.729 0.786 0.921 0.963 0.925 0.960 1.056 1.058 1.018 1.025 0.915 0.765 0.552 0.488 0.474 0.460 0.464 0.469 0.429 0.415 0.402 0.388 0.367 0.339 0.317 0.294 0.326 0.333 0.375 0.401 0.399 0.418 0.452 0.460 0.496 0.553 0.582 0.553 0.595 0.607 0.623 0.606 0.541 0.548 0.505 0.533 0.485 0.415
-999.000 -999.000 -999.000 -999.000 -999.000 -999.000 -999.000 -999.000 -999.000 -999.000 -999.000 -999.000 -999.000 -999.000 -999.000 -999.000 -999.000 -999.000 -999.000 -999.000 0.855 0.845 0.811 0.718 0.740 0.856 0.886 0.922 0.932 0.941 0.959 1.040 1.032 0.990 0.944 0.774 0.560 0.496 0.475 0.473 0.471 0.456 0.469 0.430 0.403 0.387 0.384 0.345 0.346 0.313 0.280 0.326 0.330 0.351 0.375 0.377 0.411 0.443 0.484 0.506 0.562 0.571 0.591 0.600 0.588 0.610 0.570 0.569 0.558 0.526 0.507 0.480 0.415
-999.000 -999.000 -999.000 -999.000 -999.000 -999.000 -999.000 -999.000 -999.000 -999.000 -999.000 -999.000 -999.000 -999.000 -999.000 -999.000 -999.000 -999.000 -999.000 -999.000 -999.000 0.827 0.717 0.756 0.811 0.887 0.922 0.923 0.936 0.946 1.017 1.037 0.924 0.920 0.747 0.563 0.507 0.481 0.477 0.485 0.484 0.471 0.472 0.428 0.400 0.371 0.376 0.335 0.332 0.320 0.281 0.298 0.328 0.332 0.351 0.372 0.409 0.432 0.474 0.518 0.533 0.566 0.588 0.604 0.590 0.586 0.609 0.586 0.550 0.554 0.512 0.459 0.437
-999.000 -999.000 -999.000 -999.000 -999.000 -999.000 -999.000 -999.000 -999.000 -999.000 -999.000 -999.000 -999.000 -999.000 -999.000 -999.000 -999.000 -999.000 -999.000 -999.000 -999.000 -999.000 0.766 0.880 0.889 0.939 0.923 0.911 0.937 0.983 0.982 0.909 0.891 0.744 0.574 0.517 0.491 0.480 0.490 0.492 0.462 0.469 0.445 0.430 0.382 0.357 0.343 0.365 0.340 0.303 0.322 0.271 0.301 0.300 0.318 0.349 0.402 0.430 0.455 0.525 0.502 0.556 0.569 0.575 0.581 0.613 0.594 0.576 0.525 0.540 0.489 0.459 0.445
-999.000 -999.000 -999.000 -999.000 -999.000 -999.000 -999.000 -999.000 -999.000 -999.000 -999.000 -999.000 -999.000 -999.000 -999.000 -999.000 -999.000 -999.000 -999.000 -999.000 -999.000 -999.000 0.902 0.928 0.992 0.967 0.924 0.929 0.945 0.920 0.825 0.802 0.736 0.611 0.528 0.496 0.481 0.486 0.497 0.475 0.463 0.467 0.428 0.412 0.361 0.353 0.363 0.353 0.335 0.312 0.314 0.312 0.270 0.285 0.305 0.323 0.361 0.421 0.421 0.446 0.492 0.519 0.541 0.541 0.566 0.575 0.578 0.546 0.504 0.516 0.484 0.464 0.487
-999.000 -999.000 -999.000 -999.000 -999.000 -999.000 -999.000 -999.000 -999.000 -999.000 -999.000 -999.000 -999.000 -999.000 -999.000 -999.000 -999.000 -999.000 -999.000 -999.000 0.747 0.897 0.946 1.027 0.996 0.925 0.917 0.977 0.898 0.779 0.751 0.699 0.649 0.597 0.508 0.481 0.464 0.469 0.478 0.478 0.443 0.449 0.419 0.389 0.348 0.327 0.356 0.337 0.332 0.308 0.309 0.300 0.267 0.278 0.284 0.294 0.331 0.398 0.390 0.436 0.441 0.478 0.491 0.528 0.568 0.563 0.531 0.499 0.481 0.474 0.471 0.508 0.470
-999.000 -999.000 -999.000 -999.000 -999.000 -999.000 -999.000 -999.000 -999.000 -999.000 -999.000 -999.000 -999.000 -999.000 -999.000 -999.000 -999.000 -999.000 -999.000 -999.000 0.881 0.961 1.004 1.044 0.928 0.903 0.989 0.964 0.909 0.806 0.715 0.744 0.632 0.533 0.497 0.478 0.469 0.464 0.473 0.468 0.407 0.433 0.405 0.361 0.355 0.345 0.322 0.323 0.312 0.288 0.271 0.276 0.275 0.275 0.270 0.274 0.291 0.326 0.361 0.401 0.418 0.429 0.455 0.522 0.548 0.528 0.502 0.516 0.480 0.473 0.512 0.492 0.450
-999.000 -999.000 -999.000 -999.000 -999.000 -999.000 -999.000 -999.000 -999.000 -999.000 -999.000 -999.000 -999.000 -999.000 -999.000 -999.000 -999.000 -999.000 -999.000 0.858 0.940 0.994 1.037 0.953 0.900 0.923 0.933 0.937 0.817 0.698 0.592 0.650 0.554 0.521 0.493 0.471 0.446 0.448 0.415 0.440 0.406 0.369 0.363 0.340 0.349 0.324 0.298 0.284 0.265 0.258 0.272 0.275 0.276 0.269 0.258 0.258 0.263 0.289 0.308 0.342 0.339 0.364 0.403 0.406 0.485 0.496 0.498 0.506 0.516 0.467 0.468 0.482 0.629
-999.000 -999.000 -999.000 -999.000 -999.000 -999.000 -999.000 -999.000 -999.000 -999.000 -999.000 -999.000 -999.000 -999.000 -999.000 -999.000 -999.000 -999.000 0.780 0.953 1.030 1.024 0.924 0.896 0.887 0.945 0.928 0.793 0.725 0.655 0.663 0.553 0.504 0.509 0.483 0.479 0.464 0.440 0.422 0.399 0.382 0.365 0.334 0.322 0.325 0.300 0.293 0.265 0.258 0.258 0.258 0.258 0.258 0.258 0.258 0.258 0.258 0.258 0.261 0.273 0.271 0.268 0.299 0.331 0.443 0.520 0.544 0.551 0.495 0.464 0.450 0.527 0.635
-999.000 -999.000 -999.000 -999.000 -999.000 -999.000 -999.000 -999.000 -999.000 -999.000 -999.000 -999.000 -999.000 -999.000 -999.000 -999.000 -999.000 -999.000 0.915 0.963 1.025 0.933 0.891 0.843 0.876 0.918 0.818 0.725 0.652 0.604 0.592 0.571 0.541 0.508 0.493 0.476 0.472 0.422 0.397 0.367 0.314 0.336 0.340 0.310 0.302 0.295 0.277 0.258 0.258 0.258 0.258 0.258 0.258 0.258 0.258 0.258 0.258 0.258 0.258 0.258 0.258 0.258 0.258 0.258 0.326 0.435 0.393 0.489 0.475 0.444 0.464 0.526 0.707
-999.000 -999.000 -999.000 -999.000 -999.000 -999.000 -999.000 -999.000 -999.000 -999.000 -999.000 -999.000 -999.000 -999.000 -999.000 -999.000 -999.000 -999.000 1.041 1.019 0.955 0.907 0.899 0.899 0.805 0.797 0.682 0.631 0.575 0.568 0.608 0.557 0.572 0.539 0.513 0.503 0.486 0.485 0.378 0.330 0.314 0.318 0.316 0.302 0.291 0.269 0.258 0.258 0.258 0.258 0.258 0.258 0.258 0.258 0.258 0.258 0.258 0.258 0.258 0.258 0.258 0.258 0.258 0.258 0.258 0.290 0.263 0.313 0.430 0.470 0.470 0.534 0.603
-999.000 -999.000 -999.000 -999.000 -999.000 -999.000 -999.000 -999.000 -999.000 -999.000 -999.000 -999.000 -999.000 -999.000 -999.000 -999.000 -999.000 0.873 0.939 1.025 0.940 0.900 0.871 0.788 0.757 0.685 0.652 0.583 0.537 0.534 0.561 0.603 0.551 0.508 0.483 0.444 0.390 0.363 0.303 0.306 0.296 0.292 0.291 0.291 0.280 0.258 0.258 0.258 0.258 0.258 0.258 0.258 0.258 0.258 0.258 0.258 0.258 0.258 0.258 0.258 0.258 0.258 0.258 0.258 0.258 0.258 0.258 0.258 0.305 0.393 0.412 0.491 0.529
-999.000 -999.000 -999.000 -999.000 -999.000 -999.000 -999.000 -999.000 -999.000 -999.000 -999.000 -999.000 -999.000 -999.000 -999.000 -999.000 0.834 0.891 0.915 0.932 0.927 0.925 0.869 0.767 0.719 0.648 0.529 0.533 0.501 0.507 0.532 0.525 0.483 0.403 0.366 0.318 0.295 0.290 0.277 0.288 0.277 0.278 0.266 0.258 0.258 0.258 0.258 0.258 0.258 0.258 0.258 0.258 0.258 0.258 0.258 0.258 0.258 0.258 0.258 0.258 0.258 0.258 0.258 0.258 0.258 0.258 0.258 0.258 0.258 0.258 0.258 0.276 0.323
-999.000 -999.000 -999.000 -999.000 -999.000 -999.000 -999.000 -999.000 -999.000 -999.000 -999.000 -999.000 -999.000 -999.000 -999.000 -999.000 0.853 0.872 0.866 0.890 0.869 0.906 0.786 0.742 0.730 0.634 0.557 0.449 0.473 0.489 0.503 0.505 0.364 0.339 0.304 0.277 0.258 0.258 0.258 0.258 0.259 0.258 0.258 0.258 0.258 0.258 0.258 0.258 0.258 0.258 0.258 0.258 0.258 0.258 0.258 0.258 0.258 0.258 0.258 0.258 0.258 0.258 0.258 0.258 0.258 0.258 0.258 0.258 0.258 0.258 0.258 0.258 0.258
-999.000 -999.000 -999.000 -999.000 -999.000 -999.000 -999.000 -999.000 -999.000 -999.000 -999.000 -999.000 -999.000 -999.000 -999.000 -999.000 -999.000 0.845 0.851 0.821 0.797 0.776 0.734 0.715 0.665 0.535 0.479 0.443 0.413 0.458 0.452 0.336 0.313 0.306 0.286 0.263 0.258 0.258 0.258 0.258 0.258 0.258 0.258 0.258 0.258 0.258 0.258 0.258 0.258 0.258 0.258 0.258 0.258 0.258 0.258 0.258 0.258 0.258 0.258 0.258 0.258 0.258 0.258 0.258 0.258 0.258 0.258 0.258 0.258 0.258 0.258 0.258 0.258
-999.000 -999.000 -999.000 -999.000 -999.000 -999.000 -999.000 -999.000 -999.000 -999.000 -999.000 -999.000 -999.000 -999.000 -999.000 -999.000 0.860 0.933 1.029 0.870 0.847 0.808 0.714 0.492 0.511 0.444 0.409 0.395 0.345 0.360 0.319 0.294 0.292 0.298 0.258 0.258 0.258 0.258 0.258 0.258 0.258 0.258 0.258 0.258 0.258 0.258 0.258 0.258 0.258 0.258 0.258 0.258 0.258 -999.000 -999.000 -999.000 -999.000 -999.000 0.258 0.258 0.258 0.258 0.258 0.258 0.258 0.258 0.258 0.258 0.258 0.258 0.258 0.258 0.258
-999.000 -999.000 -999.000 -999.000 -999.000 -999.000 -999.000 -999.000 -999.000 -999.000 -999.000 -999.000 -999.000 -999.000 -999.000 -999.000 1.001 1.052 1.020 1.053 0.922 0.782 0.551 0.494 0.419 0.392 0.368 0.355 0.350 0.319 0.297 0.288 0.285 0.268 0.258 0.258 0.258 0.258 0.258 0.258 0.258 0.258 0.258 0.258 0.258 0.258 -999.000 -999.000 -999.000 -999.000 -999.000 -999.000 -999.000 -999.000 -999.000 -999.000 -999.000 -999.000 -999.000 -999.000 -999.000 -999.000 -999.000 -999.000 -999.000 -999.000 -999.000 -999.000 0.258 0.258 0.258 0.258 0.258
-999.000 -999.000 -999.000 -999.000 -999.000 -999.000 -999.000 -999.000 -999.000 -999.000 -999.000 -999.000 -999.000 -999.000 -999.000 0.949 0.954 1.103 0.961 0.902 0.791 0.599 0.493 0.426 0.400 0.376 0.346 0.326 0.318 0.302 0.291 0.279 0.258 0.258 0.258 0.258 0.258 0.258 0.258 0.258 0.258 0.258 0.258 -999.000 -999.000 -999.000 -999.000 -999.000 -999.000 -999.000 -999.000 -999.000 -999.000 -999.000 -999.000 -999.000 -999.000 -999.000 -999.000 -999.000 -999.000 -999.000 -999.000 -999.000 -999.000 -999.000 -999.000 -999.000 -999.000 -999.000 -999.000 -999.000 -999.000
-999.000 -999.000 -999.000 -999.000 -999.000 -999.000 -999.000 -999.000 -999.000 -999.000 -999.000 -999.000 -999.000 -999.000 -999.000 -999.000 -999.000 1.010 0.885 0.782 0.616 0.483 0.422 0.387 0.369 0.350 0.326 0.313 0.301 0.285 0.284 0.273 0.258 0.258 0.258 0.258 0.258 0.258 0.258 0.258 -999.000 -999.000 -999.000 -999.000 -999.000 -999.000 -999.000 -999.000 -999.000 -999.000 -999.000 -999.000 -999.000 -999.000 -999.000 -999.000 -999.000 -999.000 -999.000 -999.000 -999.000 -999.000 -999.000 -999.000 -999.000 -999.000 -999.000 -999.000 -999.000 -999.000 -999.000 -999.000 -999.000
-999.000 -999.000 -999.000 -999.000 -999.000 -999.000 -999.000 -999.000 -999.000 -999.000 -999.000 -999.000 -999.000 -999.000 -999.000 -999.000 -999.000 -999.000 0.833 0.695 0.493 0.413 0.380 0.363 0.349 0.337 0.325 0.315 0.298 0.286 0.277 0.266 0.258 0.258 0.258 0.258 0.258 0.258 -999.000 -999.000 -999.000 -999.000 -999.000 -999.000 -999.000 -999.000 -999.000 -999.000 -999.000 -999.000 -999.000 -999.000 -999.000 -999.000 -999.000 -999.000 -999.000 -999.000 -999.000 -999.000 -999.000 -999.000 -999.000 -999.000 -999.000 -999.000 -999.000 -999.000 -999.000 -999.000 -999.000 -999.000 0.258
-999.000 -999.000 -999.000 -999.000 -999.000 -999.000 -999.000 -999.000 -999.000 -999.000 -999.000 -999.000 -999.000 -999.000 -999.000 -999.000 -999.000 -999.000 -999.000 -999.000 0.428 0.378 0.367 0.355 0.346 0.332 0.315 0.291 0.291 0.275 0.264 0.258 0.258 0.258 0.258 0.258 -999.000 -999.000 -999.000 -999.000 -999.000 -999.000 -999.000 -999.000 -999.000 -999.000 -999.000 -999.000 -999.000 -999.000 -999.000 -999.000 -999.000 -999.000 -999.000 -999.000 -999.000 -999.000 -999.000 -999.000 -999.000 -999.000 -999.000 -999.000 -999.000 -999.000 -999.000 -999.000 -999.000 -999.000 -999.000 -999.000 0.258
-999.000 -999.000 -999.000 -999.000 -999.000 -999.000 -999.000 -999.000 -999.000 -999.000 -999.000 -999.000 -999.000 -999.000 -999.000 -999.000 -999.000 -999.000 -999.000 -999.000 -999.000 0.366 0.355 0.343 0.327 0.310 0.296 0.287 0.275 0.258 0.258 0.258 0.258 0.258 -999.000 -999.000 -999.000 -999.000 -999.000 -999.000 -999.000 -999.000 -999.000 -999.000 -999.000 -999.000 -999.000 -999.000 -999.000 -999.000 -999.000 -999.000 -999.000 -999.000 -999.000 -999.000 -999.000 -999.000 -999.000 -999.000 -999.000 -999.000 -999.000 -999.000 -999.000 -999.000 -999.000 -999.000 -999.000 -999.000 -999.000 -999.000 0.258
