tests/2D_interpolations/2009-01-19T12.00_VW_ref.asc
ncols               386
nrows               229
xllcorner    479497.492
yllcorner     73502.967
cellsize       1000.000
NODATA_value -999
[rows 93 to 123 of 229, columns 71 to 141 of 386]
16.949 16.876 13.297 12.370 13.742 17.381 19.120 20.248 20.824 21.760 21.775 19.126 15.846 16.074 19.309 21.519 23.350 24.745 25.519 25.998 25.490 24.473 25.085 25.229 25.689 25.103 24.448 24.513 25.390 25.283 25.420 25.564 25.691 25.783 25.733 25.408 25.485 25.132 24.847 24.344 23.793 23.238 22.280 22.638 23.317 23.932 23.418 23.418 24.026 24.117 24.142 23.964 23.877 24.144 24.408 24.548 24.532 24.190 24.185 23.743 22.959 22.338 23.256 22.905 23.793 23.829 21.875 21.968 22.501 22.091 21.145
16.877 13.676 12.335 13.629 16.223 18.447 20.030 20.706 21.155 21.779 19.511 16.489 17.622 19.365 21.421 24.022 24.992 24.833 25.642 25.633 24.845 25.137 25.216 25.594 24.915 24.158 24.382 25.013 25.305 25.349 25.571 25.671 25.842 25.737 25.102 25.191 25.639 24.828 24.282 23.454 23.196 21.737 21.697 21.965 22.375 23.033 22.604 22.499 23.005 23.726 24.077 24.223 24.285 24.277 24.475 24.444 24.209 23.563 23.520 23.318 23.013 22.496 22.448 22.259 23.047 23.816 22.893 22.657 22.174 21.262 21.140
14.212 12.845 12.834 15.157 17.832 19.577 20.340 20.739 20.848 20.893 19.659 19.714 20.397 22.405 24.351 25.086 25.371 25.566 25.653 26.033 25.718 25.319 25.534 25.360 25.043 24.455 24.473 25.233 25.551 25.427 25.595 25.769 25.806 25.209 25.035 25.494 24.834 24.158 23.367 22.768 21.799 21.025 21.185 21.548 22.240 22.616 22.392 22.276 22.979 23.393 23.594 24.025 24.265 24.433 24.259 23.960 24.028 22.852 23.127 23.591 22.289 22.225 21.820 20.669 21.985 23.554 23.616 23.232 22.719 22.114 22.183
13.434 13.205 14.363 16.318 19.106 20.157 20.350 20.467 20.856 21.864 21.867 22.077 23.512 24.764 25.402 25.803 25.807 25.722 25.775 25.827 25.820 25.810 25.875 25.731 25.302 25.130 25.202 25.560 25.783 25.674 25.668 25.879 25.735 24.979 25.257 25.501 24.291 22.748 21.460 21.227 21.220 21.033 21.521 22.351 22.712 22.663 22.390 22.761 23.179 23.458 23.745 23.960 23.995 24.045 23.318 22.563 22.569 22.078 23.162 23.363 22.532 21.744 20.836 20.547 21.701 22.452 23.359 23.658 23.237 22.624 22.824
14.021 14.177 15.829 18.207 19.811 20.531 21.080 21.855 22.203 22.868 24.120 24.780 25.053 25.536 25.841 25.852 25.847 25.843 25.862 25.862 25.837 25.826 25.848 25.876 25.794 25.655 25.619 25.682 25.798 25.813 25.834 25.830 25.419 25.163 24.843 24.920 24.678 22.898 22.275 22.115 21.770 22.097 22.538 22.649 22.890 23.209 23.152 23.305 23.642 23.693 23.797 24.183 23.765 23.121 21.559 22.017 22.294 21.727 22.332 21.886 21.087 21.272 20.841 20.464 20.118 22.100 22.731 22.267 22.081 23.056 23.240
14.821 17.000 18.944 19.742 21.496 22.459 22.829 23.694 24.257 24.739 25.135 25.548 25.809 25.844 25.848 25.852 25.856 25.860 25.867 25.871 25.851 25.844 25.844 25.849 25.849 25.861 25.850 25.814 25.806 25.835 25.884 25.898 25.218 24.507 24.367 25.216 24.309 23.679 24.212 23.415 22.531 22.500 22.837 23.052 22.919 23.198 23.572 23.599 23.534 23.844 24.471 24.368 24.086 23.097 22.542 21.682 21.399 20.210 21.619 20.954 20.765 20.109 20.107 19.831 20.852 22.130 22.353 21.576 21.894 22.316 22.582
16.555 19.254 20.599 21.930 22.824 23.903 24.832 25.267 25.421 25.522 25.746 25.842 25.846 25.850 25.854 25.858 25.862 25.866 25.876 25.874 25.854 25.857 25.910 25.829 25.797 25.883 25.868 25.852 25.844 25.838 25.856 25.574 24.963 24.782 24.289 24.895 24.541 24.407 24.310 23.854 23.507 23.439 23.854 23.412 23.509 23.564 23.689 24.029 23.937 24.180 24.454 24.818 24.316 23.689 23.139 21.978 20.128 20.026 22.519 20.597 19.815 19.122 19.318 20.372 21.105 20.640 21.735 20.395 21.402 21.320 21.172
19.264 19.755 22.354 23.377 24.232 24.848 25.402 25.734 25.834 25.839 25.843 25.847 25.851 25.856 25.860 25.864 25.868 25.881 25.884 25.897 26.031 26.024 25.484 24.956 25.455 25.867 25.883 25.867 25.900 25.890 25.705 25.475 25.215 24.899 24.733 24.378 25.125 24.615 24.841 24.389 24.303 23.785 24.341 24.605 24.437 24.612 24.856 24.536 24.084 24.607 24.441 24.245 24.234 24.301 23.768 23.055 22.043 20.912 21.738 21.239 20.802 19.473 18.723 20.829 21.013 20.420 20.253 19.892 21.035 21.199 20.515
17.894 21.158 23.106 24.435 24.746 25.247 25.715 25.832 25.840 25.844 25.848 25.853 25.857 25.861 25.866 25.875 25.919 25.931 25.845 25.729 25.426 24.518 23.784 24.500 25.647 25.897 25.895 25.895 25.924 25.664 25.320 25.445 25.261 24.970 25.301 24.690 24.374 23.993 23.613 24.483 24.089 24.509 24.691 24.332 24.728 24.683 24.266 24.455 24.178 24.030 24.404 24.332 24.032 24.308 24.144 23.620 22.750 22.332 23.228 22.140 20.514 19.681 19.535 21.352 19.966 19.357 19.285 20.464 20.268 20.938 19.227
17.818 21.294 23.891 24.739 24.752 25.456 25.799 25.833 25.844 25.849 25.853 25.858 25.862 25.867 25.883 25.937 25.919 25.669 25.363 25.027 25.064 25.130 25.082 25.090 25.486 25.911 25.931 26.028 25.868 25.122 24.667 25.006 25.033 24.601 25.245 24.522 23.351 22.545 22.596 22.889 23.315 23.717 23.833 23.723 24.309 24.369 24.293 24.166 24.130 24.153 24.515 23.939 23.851 23.895 23.128 22.884 23.477 23.150 23.231 22.662 21.302 19.534 19.837 21.922 19.493 18.961 19.232 19.647 19.522 19.525 18.896
18.186 21.833 24.133 24.803 25.236 25.570 25.819 25.845 25.849 25.854 25.858 25.863 25.868 25.990 25.931 25.731 25.560 25.138 24.474 24.314 25.281 25.669 25.580 25.761 25.960 26.046 25.996 25.611 24.815 24.553 24.605 24.771 25.093 24.552 25.050 24.584 23.571 22.697 23.080 23.710 23.708 23.772 23.697 23.481 23.680 24.204 24.064 23.924 24.177 24.412 24.484 24.447 24.163 24.209 23.482 22.220 22.042 22.397 23.976 23.063 21.475 20.883 21.456 20.874 19.081 19.380 18.886 18.106 18.224 18.671 18.505
20.347 22.825 24.679 25.214 25.527 25.754 25.845 25.849 25.854 25.859 25.863 25.868 25.976 25.948 25.292 25.142 24.844 24.135 24.071 24.977 25.464 25.810 25.925 25.962 25.949 25.884 25.369 24.766 24.483 24.127 24.249 24.772 24.711 24.623 25.155 24.819 23.870 23.126 23.348 23.429 23.467 23.406 23.194 23.302 23.668 23.987 23.223 23.555 24.115 24.154 24.297 24.208 24.254 24.429 24.455 23.848 23.286 22.872 23.425 23.084 21.929 22.024 21.792 21.036 20.704 20.132 20.017 19.153 16.989 17.594 18.275
22.290 24.347 25.387 25.621 25.702 25.844 25.849 25.854 25.859 25.864 25.869 25.947 25.888 25.453 24.942 24.638 24.509 24.624 25.227 25.348 25.748 25.927 25.957 25.983 25.831 25.788 25.006 24.385 23.991 23.899 24.069 24.361 24.680 24.465 24.635 24.558 23.892 23.411 23.338 23.083 23.174 23.035 22.598 22.848 23.761 23.404 23.005 23.430 23.446 23.066 22.798 23.459 24.478 24.612 24.296 24.045 23.966 23.579 23.052 23.808 22.936 21.832 21.198 21.616 21.122 19.985 18.784 19.194 18.360 17.634 19.062
23.992 25.173 25.727 25.838 25.844 25.849 25.854 25.858 25.863 25.869 25.917 25.947 25.651 25.337 24.842 24.781 25.033 25.330 25.525 25.888 25.932 25.986 25.923 25.825 25.722 25.560 24.585 24.007 23.950 23.769 24.165 24.376 24.455 24.665 25.000 24.378 23.980 23.473 23.025 23.138 23.218 23.018 22.777 23.261 23.041 22.787 22.850 23.178 23.358 21.527 20.675 22.813 24.139 24.808 24.846 24.125 24.137 24.161 23.601 23.403 23.484 22.926 21.699 21.140 20.903 19.250 19.636 19.792 19.530 18.897 20.671
25.173 25.550 25.838 25.843 25.848 25.853 25.858 25.864 25.872 25.913 25.939 25.746 25.216 24.847 24.784 25.192 25.544 25.648 25.854 25.901 25.930 25.880 25.754 25.855 25.424 24.607 24.038 24.172 24.121 23.959 24.214 24.186 24.452 24.468 24.990 24.399 24.108 23.500 23.359 23.495 23.222 23.104 22.943 23.306 22.501 21.806 22.865 22.929 22.543 21.732 21.450 21.744 22.851 24.146 24.919 24.815 24.294 24.342 23.949 23.600 23.282 22.220 21.605 20.715 21.120 20.982 20.986 21.110 20.318 20.149 21.217
25.666 25.837 25.842 25.847 25.852 25.857 25.862 25.898 25.929 25.860 25.599 25.316 25.003 24.705 24.772 25.431 25.754 25.833 25.846 25.963 25.866 25.650 25.726 25.355 24.662 24.051 23.908 24.199 24.373 24.315 23.906 24.260 24.861 24.685 24.830 24.815 24.224 24.199 24.079 23.829 23.737 23.052 23.220 22.877 23.081 22.732 22.682 22.449 20.779 20.279 20.091 20.036 21.339 23.255 24.410 24.855 24.757 24.580 24.170 23.942 23.061 21.989 20.048 19.495 21.530 22.222 22.193 22.186 21.302 20.936 21.112
25.835 25.840 25.846 25.851 25.856 25.861 25.911 25.950 25.701 25.405 25.298 25.233 24.968 24.960 25.212 25.580 25.834 25.835 25.883 25.872 25.314 25.380 25.503 24.644 24.504 24.006 23.817 23.773 23.936 23.779 23.886 24.145 24.300 24.328 24.115 23.972 24.312 24.021 23.743 24.339 24.377 23.924 23.271 23.217 22.659 22.574 22.166 21.887 21.545 20.170 19.709 19.180 19.387 21.862 24.801 24.397 23.854 24.725 24.462 24.078 23.283 21.806 20.286 20.731 22.133 21.958 21.077 20.355 19.877 20.763 20.114
25.839 25.844 25.849 25.854 25.860 25.929 25.914 25.633 25.294 25.144 24.967 25.003 25.356 25.527 25.568 25.731 25.832 25.866 25.861 25.731 25.126 24.988 24.777 24.637 24.313 24.031 23.665 23.379 22.936 23.778 24.198 24.173 24.286 23.854 23.478 23.290 23.504 23.700 23.660 23.766 23.232 22.851 22.658 23.072 23.053 22.237 22.028 21.847 20.871 20.363 19.149 19.359 19.643 21.727 24.333 22.128 22.989 24.013 24.775 24.317 23.841 22.827 22.302 21.922 22.364 21.011 20.457 19.433 19.861 19.102 17.982
25.842 25.847 25.853 25.858 25.927 25.907 25.581 25.369 25.088 24.884 25.096 25.377 25.504 25.660 25.767 25.803 25.891 25.825 25.597 24.796 24.169 24.513 23.976 23.690 23.982 24.101 23.414 23.016 23.212 23.919 24.154 24.176 23.931 23.638 23.250 22.960 23.284 23.522 22.857 23.257 23.247 22.410 21.618 22.336 22.232 21.490 21.127 20.357 20.421 20.995 20.025 19.303 19.781 22.380 25.025 21.764 20.601 23.444 24.409 24.640 23.971 23.333 21.954 22.446 22.621 20.698 18.933 17.705 17.948 16.992 16.778
25.845 25.851 25.856 25.924 25.909 25.578 25.323 25.063 24.881 24.890 25.277 25.557 25.678 25.746 25.796 25.884 25.759 25.212 24.658 23.918 24.630 24.194 23.766 23.731 23.823 23.655 22.955 22.844 23.561 24.263 24.100 23.808 23.289 22.940 23.000 23.147 23.289 22.704 22.507 22.832 22.464 21.362 21.236 22.921 23.150 22.035 21.079 20.111 19.125 19.767 20.096 19.830 19.767 22.271 25.080 22.309 20.393 21.497 23.935 24.833 23.930 22.937 21.147 22.545 21.799 19.173 18.034 16.505 15.932 16.913 17.465
25.849 25.855 25.936 25.894 25.552 25.320 25.171 24.876 24.850 25.168 25.482 25.641 25.707 25.758 25.800 25.718 25.151 24.430 23.907 23.859 23.958 23.795 23.585 23.559 23.041 22.890 23.603 23.705 23.922 23.858 23.849 23.453 22.896 22.668 22.235 22.631 23.088 22.562 22.110 22.475 22.029 21.990 22.127 21.683 21.406 21.660 21.100 20.860 20.728 19.991 18.991 18.744 18.935 21.888 24.589 22.688 20.515 20.632 23.578 24.800 24.363 23.493 20.879 21.885 20.919 18.511 18.041 18.833 18.522 18.151 18.282
25.864 26.073 25.843 25.247 25.232 25.142 24.989 24.955 25.310 25.448 25.585 25.687 25.762 25.775 25.641 25.228 24.404 23.598 23.449 24.326 23.620 23.707 23.253 22.817 22.428 22.809 23.849 23.802 23.949 24.081 23.631 23.247 22.656 22.626 22.277 22.432 22.666 22.296 22.103 21.253 21.827 22.024 21.925 21.498 21.015 21.432 21.281 21.043 21.096 20.563 18.128 17.950 18.320 21.263 24.364 24.223 21.338 21.744 23.347 24.672 24.601 23.343 21.427 23.121 23.194 21.813 19.936 18.599 17.983 18.040 16.893
26.185 25.805 24.460 24.716 24.805 24.942 25.167 25.277 25.401 25.612 25.654 25.684 25.682 25.505 25.336 25.095 24.529 24.242 23.902 23.445 23.457 23.044 22.777 22.730 23.442 23.627 23.360 23.727 23.977 23.638 22.972 23.023 22.753 22.715 21.872 22.212 22.699 22.238 21.987 21.120 21.194 22.607 21.111 20.806 22.148 21.401 20.719 21.312 20.218 19.539 20.036 18.886 18.586 20.829 23.651 24.874 23.756 22.765 23.334 24.376 24.525 24.084 23.377 23.312 22.586 20.311 18.540 16.894 16.649 17.787 17.293
25.781 23.918 23.993 23.932 24.153 25.018 25.211 25.439 25.446 25.400 25.670 25.637 25.500 25.404 25.116 24.514 24.036 23.797 23.278 23.149 22.739 22.490 22.604 23.324 23.265 23.246 23.446 23.539 23.572 23.599 22.670 22.630 22.729 22.777 22.085 22.830 22.414 21.417 21.522 21.320 22.179 21.798 21.173 20.636 20.998 21.250 21.734 20.261 18.499 18.416 19.015 18.830 19.328 20.682 22.922 24.477 24.712 23.759 23.389 24.294 24.764 24.391 24.060 22.842 20.826 18.022 16.505 17.126 18.106 17.970 18.041
24.051 23.493 23.296 23.278 24.406 24.638 24.890 25.046 24.806 25.320 25.598 25.449 25.536 24.845 24.419 24.362 23.920 23.329 23.097 22.621 22.212 22.004 22.844 23.023 23.245 23.287 22.912 22.701 24.184 23.318 22.348 22.644 23.025 22.849 22.412 22.306 21.474 20.069 21.110 21.612 22.126 21.210 20.716 20.271 20.511 20.665 21.436 20.708 20.902 20.586 20.345 19.889 19.680 20.590 22.426 24.002 24.713 23.856 23.442 24.187 24.647 24.521 24.300 23.234 21.368 20.618 18.827 18.807 19.105 18.381 18.796
23.365 22.841 23.323 23.759 23.649 23.670 24.175 24.562 24.770 25.125 25.614 25.440 24.891 23.375 23.603 23.973 23.716 23.127 22.758 22.697 22.507 22.512 22.915 23.005 22.657 22.346 22.473 22.644 23.912 23.446 22.606 22.771 22.632 21.776 21.425 22.131 21.363 20.198 20.255 20.676 21.094 20.416 20.661 19.880 20.121 20.812 21.363 21.400 20.948 20.193 19.333 20.175 20.533 20.624 21.748 23.686 24.696 23.736 23.605 24.322 24.604 24.557 24.059 23.977 23.236 21.825 20.768 20.036 19.853 19.857 19.074
23.092 22.460 22.916 23.585 23.281 22.650 23.361 24.152 24.859 25.273 25.446 25.103 24.212 23.322 22.744 23.374 23.563 23.335 23.220 23.149 22.762 22.760 22.546 22.596 22.476 22.323 22.349 22.782 24.170 23.405 22.089 22.260 22.691 22.294 21.705 21.384 21.003 20.802 20.781 21.532 19.893 20.177 20.125 19.200 19.611 20.132 20.449 20.970 20.183 18.694 18.408 18.389 20.192 20.606 21.055 23.119 24.476 23.592 23.890 24.111 24.488 24.033 23.408 22.475 21.614 20.745 20.117 20.525 20.644 20.377 19.966
22.217 22.155 23.418 22.982 22.359 22.468 23.296 24.404 24.941 25.425 25.525 25.250 24.153 23.120 22.891 23.281 22.958 23.130 23.016 22.906 22.571 22.394 22.655 23.149 23.279 22.628 22.886 23.649 23.889 22.429 21.771 22.134 22.111 22.175 21.996 21.450 21.407 20.974 20.210 20.746 19.567 19.078 18.750 18.541 18.283 19.676 20.196 21.059 20.264 18.695 18.242 18.704 19.470 19.465 19.966 23.095 24.552 23.916 23.494 24.184 24.596 24.747 24.298 22.589 23.198 22.512 21.911 22.387 22.422 21.946 20.769
21.932 22.402 23.111 22.539 21.863 22.474 23.667 24.523 25.137 25.643 25.265 24.039 23.139 22.551 22.760 22.829 22.637 21.994 21.732 22.185 22.367 22.227 22.780 23.351 23.173 23.449 23.124 23.037 23.223 22.567 21.556 22.113 22.127 21.483 20.931 20.894 20.915 20.259 20.028 19.249 18.830 18.090 16.955 16.067 17.781 19.267 19.917 20.583 20.108 20.183 19.746 19.150 18.587 18.423 20.543 23.234 23.726 23.136 23.470 24.092 24.446 24.560 24.833 24.311 23.800 23.723 22.194 20.816 19.845 18.733 18.521
22.085 22.574 22.507 22.047 22.443 23.291 23.728 24.687 25.496 25.379 24.252 23.093 22.036 22.263 22.384 22.541 21.892 21.415 21.601 21.570 21.744 22.306 22.784 22.730 23.091 23.845 23.410 23.062 23.140 22.180 21.790 21.764 21.648 20.701 19.772 19.696 20.007 20.479 20.502 18.984 18.150 15.737 15.797 17.354 17.914 18.253 18.976 19.336 19.423 18.491 18.021 17.261 18.133 19.341 21.595 23.411 23.261 23.185 23.109 23.737 24.274 24.480 24.508 24.487 24.698 23.427 20.724 19.130 18.217 17.184 17.713
22.185 22.383 22.290 22.303 23.273 23.419 23.708 25.108 25.349 24.315 23.763 22.493 21.853 21.944 22.208 22.210 21.790 21.583 21.463 21.397 22.400 22.672 22.278 22.656 23.513 22.862 22.773 22.131 22.140 22.089 22.255 21.867 21.218 20.663 20.222 19.508 19.146 19.250 20.587 20.201 18.110 18.317 17.503 16.256 16.431 16.765 16.132 17.446 17.373 17.348 15.924 15.644 16.621 19.193 21.798 23.618 23.026 22.844 23.150 23.345 24.114 24.418 24.454 24.458 24.092 21.120 20.295 18.734 17.500 16.514 16.362
