tests/2D_interpolations/2009-01-19T12.00_VW_ref.asc
ncols               386
nrows               229
xllcorner    479497.492
yllcorner     73502.967
cellsize       1000.000
NODATA_value -999
[rows 31 to 61 of 229, columns 71 to 141 of 386]
1412.799 1412.799 1412.799 1412.799 1412.799 1412.799 1412.799 1412.799 1412.799 1412.799 1412.799 1412.799 1412.799 1412.799 1412.799 1412.799 1412.799 1412.799 1412.799 1412.799 1412.799 1412.799 1412.799 1412.799 1412.799 1412.799 1412.799 1412.799 1412.799 1412.799 1412.799 1412.799 1412.799 1412.799 1412.799 1412.799 1412.799 1412.799 1412.799 1412.799 1412.799 1412.799 1412.799 1412.799 1412.799 1412.799 1412.799 1412.799 1412.799 1412.799 1412.799 1412.799 1412.799 1412.799 1412.799 1412.799 1412.799 1412.799 1412.799 1412.799 1412.799 28.143 1412.799 1412.799 1412.799 28.194 28.013 1412.799 1412.799 1412.799 1412.799
1412.799 1412.799 1412.799 1412.799 1412.799 1412.799 1412.799 1412.799 1412.799 1412.799 1412.799 1412.799 1412.799 1412.799 1412.799 1412.799 1412.799 1412.799 1412.799 1412.799 1412.799 1412.799 1412.799 1412.799 1412.799 1412.799 1412.799 1412.799 1412.799 1412.799 1412.799 1412.799 1412.799 1412.799 1412.799 1412.799 1412.799 1412.799 1412.799 1412.799 1412.799 1412.799 1412.799 1412.799 1412.799 1412.799 1412.799 1412.799 1412.799 1412.799 1412.799 1412.799 1412.799 1412.799 1412.799 1412.799 1412.799 1412.799 1412.799 1412.799 28.021 28.127 28.078 1412.799 28.266 28.082 28.333 26.630 1412.799 1412.799 1412.799
1412.799 1412.799 1412.799 1412.799 1412.799 1412.799 1412.799 1412.799 1412.799 1412.799 1412.799 1412.799 1412.799 1412.799 1412.799 1412.799 1412.799 1412.799 1412.799 1412.799 1412.799 1412.799 1412.799 1412.799 1412.799 1412.799 1412.799 1412.799 1412.799 1412.799 1412.799 1412.799 1412.799 1412.799 1412.799 1412.799 1412.799 1412.799 1412.799 1412.799 1412.799 1412.799 1412.799 1412.799 1412.799 1412.799 1412.799 1412.799 1412.799 1412.799 1412.799 1412.799 1412.799 1412.799 1412.799 1412.799 1412.799 1412.799 1412.799 27.761 27.938 28.067 28.065 28.020 28.804 27.793 27.178 26.073 1412.799 1412.799 1412.799
1412.799 1412.799 1412.799 1412.799 1412.799 1412.799 1412.799 1412.799 1412.799 1412.799 1412.799 1412.799 1412.799 1412.799 1412.799 1412.799 1412.799 1412.799 1412.799 1412.799 1412.799 1412.799 1412.799 1412.799 1412.799 1412.799 1412.799 1412.799 1412.799 1412.799 1412.799 1412.799 1412.799 1412.799 1412.799 1412.799 1412.799 1412.799 1412.799 1412.799 1412.799 1412.799 1412.799 1412.799 1412.799 1412.799 1412.799 1412.799 1412.799 1412.799 1412.799 1412.799 1412.799 1412.799 1412.799 1412.799 1412.799 1412.799 27.712 27.670 27.923 27.992 27.983 27.990 27.871 27.805 1412.799 1412.799 1412.799 1412.799 1412.799
1412.799 1412.799 1412.799 1412.799 1412.799 1412.799 1412.799 1412.799 1412.799 1412.799 1412.799 1412.799 1412.799 1412.799 1412.799 1412.799 1412.799 1412.799 1412.799 1412.799 1412.799 1412.799 1412.799 1412.799 1412.799 1412.799 1412.799 1412.799 1412.799 1412.799 1412.799 1412.799 1412.799 1412.799 1412.799 1412.799 1412.799 1412.799 1412.799 1412.799 1412.799 1412.799 1412.799 1412.799 1412.799 1412.799 1412.799 1412.799 1412.799 1412.799 1412.799 1412.799 1412.799 1412.799 1412.799 1412.799 1412.799 27.395 27.653 27.672 27.728 27.841 27.903 27.999 28.279 28.793 1412.799 1412.799 1412.799 1412.799 1412.799
1412.799 1412.799 1412.799 1412.799 1412.799 1412.799 1412.799 1412.799 1412.799 1412.799 1412.799 1412.799 1412.799 1412.799 1412.799 1412.799 1412.799 1412.799 1412.799 1412.799 1412.799 1412.799 1412.799 1412.799 1412.799 1412.799 1412.799 1412.799 1412.799 1412.799 1412.799 1412.799 1412.799 1412.799 1412.799 1412.799 1412.799 1412.799 1412.799 1412.799 1412.799 1412.799 1412.799 1412.799 1412.799 1412.799 1412.799 1412.799 1412.799 1412.799 1412.799 1412.799 1412.799 1412.799 1412.799 26.611 26.674 27.211 27.403 27.541 27.682 27.451 27.551 27.914 27.867 27.739 27.804 1412.799 1412.799 1412.799 28.092
1412.799 1412.799 1412.799 1412.799 1412.799 1412.799 1412.799 1412.799 1412.799 1412.799 1412.799 1412.799 1412.799 1412.799 1412.799 1412.799 1412.799 1412.799 1412.799 1412.799 1412.799 1412.799 1412.799 1412.799 1412.799 1412.799 1412.799 1412.799 1412.799 1412.799 1412.799 1412.799 1412.799 1412.799 1412.799 1412.799 1412.799 1412.799 1412.799 1412.799 1412.799 1412.799 1412.799 1412.799 1412.799 1412.799 1412.799 1412.799 1412.799 1412.799 1412.799 1412.799 1412.799 1412.799 26.210 26.278 26.556 26.716 26.777 27.321 27.183 26.934 27.429 27.751 27.729 27.681 27.743 27.893 27.831 27.876 28.214
1412.799 1412.799 1412.799 1412.799 1412.799 1412.799 1412.799 1412.799 1412.799 1412.799 1412.799 1412.799 1412.799 1412.799 1412.799 1412.799 1412.799 1412.799 1412.799 1412.799 1412.799 1412.799 1412.799 1412.799 1412.799 1412.799 1412.799 1412.799 1412.799 1412.799 1412.799 1412.799 1412.799 1412.799 1412.799 1412.799 1412.799 1412.799 1412.799 1412.799 1412.799 1412.799 1412.799 1412.799 1412.799 1412.799 1412.799 1412.799 1412.799 1412.799 1412.799 1412.799 1412.799 1412.799 1412.799 1412.799 26.197 26.420 26.606 27.303 26.913 26.689 27.355 27.627 27.519 27.357 27.323 27.418 27.648 27.635 27.770
1412.799 1412.799 1412.799 1412.799 1412.799 1412.799 1412.799 1412.799 1412.799 1412.799 1412.799 1412.799 1412.799 1412.799 1412.799 1412.799 1412.799 1412.799 1412.799 1412.799 1412.799 1412.799 1412.799 1412.799 1412.799 1412.799 1412.799 1412.799 1412.799 1412.799 1412.799 1412.799 1412.799 1412.799 1412.799 1412.799 1412.799 1412.799 1412.799 1412.799 1412.799 1412.799 1412.799 1412.799 1412.799 1412.799 1412.799 1412.799 1412.799 1412.799 1412.799 1412.799 1412.799 1412.799 1412.799 26.514 25.857 26.408 27.028 27.037 26.630 26.690 27.536 27.343 26.506 26.313 26.871 26.720 27.095 26.850 27.108
1412.799 1412.799 1412.799 1412.799 1412.799 1412.799 1412.799 1412.799 1412.799 1412.799 1412.799 1412.799 1412.799 1412.799 1412.799 1412.799 1412.799 1412.799 1412.799 1412.799 1412.799 1412.799 1412.799 1412.799 1412.799 1412.799 1412.799 1412.799 1412.799 1412.799 1412.799 1412.799 1412.799 1412.799 1412.799 1412.799 1412.799 1412.799 1412.799 1412.799 1412.799 1412.799 1412.799 1412.799 1412.799 1412.799 1412.799 1412.799 1412.799 1412.799 1412.799 1412.799 1412.799 1412.799 1412.799 27.065 26.599 26.695 27.201 26.794 26.453 26.931 27.662 27.396 25.760 25.679 25.474 24.747 25.659 25.262 26.840
1412.799 1412.799 1412.799 1412.799 1412.799 1412.799 1412.799 1412.799 1412.799 1412.799 1412.799 1412.799 1412.799 1412.799 1412.799 1412.799 26.069 27.187 26.126 24.473 24.879 1412.799 1412.799 1412.799 1412.799 24.690 25.021 24.991 1412.799 1412.799 1412.799 1412.799 1412.799 1412.799 1412.799 1412.799 1412.799 1412.799 1412.799 1412.799 1412.799 1412.799 1412.799 1412.799 1412.799 1412.799 1412.799 1412.799 1412.799 1412.799 1412.799 1412.799 1412.799 1412.799 1412.799 26.446 26.861 27.078 27.298 26.775 26.507 27.071 27.729 27.244 24.663 24.451 23.158 23.207 24.128 25.481 26.378
1412.799 1412.799 1412.799 1412.799 1412.799 1412.799 1412.799 1412.799 1412.799 1412.799 1412.799 1412.799 1412.799 1412.799 1412.799 25.795 25.708 25.991 25.470 25.482 24.983 25.540 25.746 25.566 25.424 25.261 25.266 25.409 25.136 24.909 1412.799 1412.799 1412.799 1412.799 1412.799 1412.799 1412.799 1412.799 1412.799 1412.799 1412.799 1412.799 1412.799 1412.799 1412.799 1412.799 1412.799 1412.799 1412.799 26.000 26.344 1412.799 1412.799 1412.799 25.982 25.986 26.276 26.944 26.998 26.970 26.903 27.106 27.724 27.824 26.312 23.708 22.617 23.372 23.772 24.947 26.152
1412.799 1412.799 1412.799 1412.799 1412.799 1412.799 1412.799 1412.799 1412.799 1412.799 1412.799 1412.799 1412.799 1412.799 1412.799 24.996 24.993 25.206 25.672 25.125 25.630 25.582 25.524 25.509 25.525 25.471 25.199 25.307 25.134 24.877 24.844 1412.799 1412.799 1412.799 1412.799 1412.799 1412.799 1412.799 1412.799 1412.799 1412.799 1412.799 1412.799 1412.799 1412.799 1412.799 1412.799 1412.799 1412.799 26.173 26.738 26.024 24.875 23.374 24.731 25.199 26.168 26.448 26.327 26.447 27.056 27.325 27.640 26.626 24.823 22.837 21.737 22.652 23.075 24.306 25.679
1412.799 1412.799 1412.799 1412.799 1412.799 1412.799 1412.799 1412.799 1412.799 1412.799 1412.799 1412.799 1412.799 1412.799 1412.799 1412.799 24.090 24.374 24.962 25.777 25.593 25.197 25.033 25.080 25.493 25.233 25.000 25.177 25.336 25.269 1412.799 1412.799 1412.799 1412.799 1412.799 1412.799 1412.799 1412.799 1412.799 1412.799 1412.799 1412.799 1412.799 1412.799 1412.799 1412.799 1412.799 1412.799 1412.799 1412.799 1412.799 24.997 24.414 24.023 24.267 24.143 24.048 24.720 25.143 25.828 26.765 27.277 27.335 26.671 24.745 22.905 21.344 20.993 23.091 24.902 25.752
1412.799 1412.799 1412.799 1412.799 1412.799 1412.799 1412.799 1412.799 1412.799 1412.799 1412.799 1412.799 1412.799 1412.799 1412.799 1412.799 24.071 24.210 24.227 24.249 25.535 25.062 24.807 24.776 25.385 24.984 24.775 25.109 25.312 25.374 1412.799 1412.799 1412.799 1412.799 1412.799 1412.799 1412.799 1412.799 1412.799 1412.799 1412.799 1412.799 1412.799 1412.799 1412.799 1412.799 1412.799 1412.799 1412.799 1412.799 25.006 24.093 22.650 21.992 21.787 21.187 21.882 22.664 24.082 25.079 25.642 26.337 26.727 25.906 23.054 22.214 21.423 21.479 23.771 25.346 24.825
1412.799 1412.799 1412.799 1412.799 1412.799 1412.799 1412.799 1412.799 1412.799 1412.799 1412.799 1412.799 1412.799 1412.799 1412.799 1412.799 1412.799 23.669 23.662 24.307 25.513 25.361 24.125 24.606 24.968 24.860 24.965 25.001 25.092 25.220 1412.799 1412.799 1412.799 1412.799 1412.799 1412.799 1412.799 1412.799 1412.799 1412.799 1412.799 1412.799 1412.799 1412.799 1412.799 1412.799 1412.799 1412.799 1412.799 24.518 22.799 21.229 20.678 21.928 21.962 22.704 23.191 23.929 23.096 22.755 24.309 26.217 26.650 24.050 23.113 21.813 22.626 23.078 24.407 25.054 24.915
1412.799 1412.799 1412.799 1412.799 1412.799 1412.799 1412.799 1412.799 1412.799 1412.799 1412.799 1412.799 1412.799 1412.799 22.491 23.032 23.669 23.172 23.874 23.585 24.769 25.003 24.357 24.970 24.776 24.508 24.190 24.329 24.747 24.705 1412.799 1412.799 1412.799 1412.799 1412.799 1412.799 1412.799 1412.799 1412.799 1412.799 1412.799 1412.799 1412.799 1412.799 1412.799 1412.799 1412.799 1412.799 22.163 20.883 22.557 21.819 22.478 22.831 22.944 23.649 24.562 25.905 25.937 24.282 24.857 25.986 25.738 23.942 22.639 21.962 22.990 24.131 24.795 24.493 24.260
1412.799 1412.799 1412.799 1412.799 1412.799 1412.799 1412.799 1412.799 1412.799 1412.799 1412.799 1412.799 1412.799 23.478 22.786 23.421 23.656 23.007 23.161 23.654 25.065 25.079 24.745 24.878 24.620 24.517 24.737 24.794 24.520 24.641 24.341 22.974 22.244 22.065 1412.799 1412.799 1412.799 1412.799 22.689 22.363 22.522 23.662 24.243 1412.799 1412.799 1412.799 21.391 22.518 22.200 22.349 23.455 23.889 23.713 24.005 24.943 25.792 26.121 26.287 26.026 26.053 25.932 25.183 25.152 23.232 22.806 22.831 22.839 24.076 23.805 24.481 24.885
1412.799 1412.799 1412.799 1412.799 1412.799 1412.799 1412.799 1412.799 1412.799 1412.799 1412.799 1412.799 23.215 23.583 23.285 23.507 23.255 22.944 23.284 23.584 24.122 24.566 25.362 24.964 24.934 24.946 25.100 25.115 24.982 24.859 24.824 24.392 23.636 23.053 22.304 1412.799 1412.799 22.930 22.274 21.457 22.644 23.197 23.411 22.951 22.220 22.730 22.168 24.322 23.749 23.969 24.759 24.511 24.598 25.225 25.566 26.093 26.079 26.214 25.914 25.123 23.872 22.402 22.803 23.301 23.366 22.612 22.267 21.918 23.018 24.845 24.721
1412.799 1412.799 1412.799 1412.799 1412.799 1412.799 1412.799 1412.799 1412.799 1412.799 1412.799 1412.799 23.350 23.473 23.338 23.418 23.335 23.578 23.878 24.312 24.567 24.874 25.375 25.624 25.192 25.005 25.026 24.900 24.863 24.754 24.588 24.567 24.036 22.438 22.082 21.313 20.935 21.189 20.820 21.213 21.267 21.571 21.714 20.877 21.535 22.665 23.710 23.697 23.456 22.948 24.299 24.509 24.220 25.232 26.382 26.313 25.913 26.258 25.860 25.409 23.904 22.920 21.688 20.950 22.095 21.203 22.780 21.866 23.455 23.943 22.834
1412.799 1412.799 1412.799 1412.799 1412.799 1412.799 1412.799 1412.799 1412.799 1412.799 1412.799 1412.799 23.245 23.562 23.651 23.581 23.757 24.055 24.278 24.698 25.268 25.074 25.070 25.217 24.870 24.882 24.911 24.900 24.516 24.348 24.241 23.537 22.928 22.009 21.505 20.817 20.485 20.408 19.913 20.656 21.319 21.438 21.780 22.450 23.151 23.247 22.512 22.535 22.448 23.249 23.988 23.305 24.294 25.930 25.625 26.025 25.841 26.040 25.518 25.157 24.746 23.026 22.256 20.808 20.849 21.740 20.986 21.609 23.401 23.537 23.283
1412.799 1412.799 1412.799 1412.799 1412.799 1412.799 1412.799 1412.799 1412.799 1412.799 23.166 23.436 23.514 23.619 23.858 24.146 24.460 24.816 24.445 24.476 24.688 24.922 24.954 24.573 24.585 24.569 24.620 24.515 23.052 22.988 22.443 21.992 22.495 20.380 20.873 21.264 20.538 20.300 19.435 20.210 21.688 22.184 22.331 22.553 23.958 23.893 23.861 22.734 24.381 25.165 25.079 24.414 24.738 24.300 24.956 25.290 25.541 26.022 25.818 24.517 23.291 22.836 22.961 21.119 21.040 21.595 20.493 21.894 23.740 23.506 21.940
1412.799 1412.799 1412.799 1412.799 1412.799 1412.799 1412.799 1412.799 1412.799 24.656 23.383 23.438 23.943 24.026 24.128 24.277 24.278 24.220 23.752 24.154 24.440 24.388 23.936 24.121 24.348 24.103 23.536 22.465 21.361 22.177 20.457 20.400 21.484 19.271 20.023 19.700 19.772 20.134 20.289 20.854 20.523 21.212 21.280 22.610 25.304 25.257 24.295 24.269 24.219 23.899 22.348 22.786 25.285 23.823 23.780 24.347 24.451 25.181 24.994 23.916 22.403 22.860 22.776 22.258 21.059 21.104 20.400 21.275 23.287 22.551 22.272
1412.799 1412.799 1412.799 1412.799 1412.799 1412.799 1412.799 1412.799 1412.799 23.010 22.951 22.988 23.694 23.231 23.398 23.349 23.760 22.895 23.913 22.641 22.777 22.551 22.828 23.101 22.370 21.696 21.028 21.905 20.834 20.303 21.310 21.530 19.583 19.479 19.865 19.948 19.247 19.486 19.620 19.024 19.953 20.967 22.698 24.065 23.564 23.382 24.152 23.046 23.337 21.776 21.207 22.094 23.887 24.161 23.083 21.084 22.702 24.888 24.543 22.292 21.649 21.385 21.261 19.609 19.161 18.180 19.822 20.666 19.607 20.455 19.726
1412.799 1412.799 1412.799 1412.799 1412.799 1412.799 1412.799 1412.799 22.494 22.541 23.275 23.094 22.302 21.497 21.217 21.745 21.126 1412.799 21.984 20.215 21.254 20.381 20.551 20.623 20.355 21.027 20.889 21.383 23.158 22.758 22.428 21.341 19.505 21.079 22.392 20.976 20.171 21.505 21.857 22.380 23.083 23.197 23.508 24.911 25.508 24.520 23.762 22.973 21.474 21.338 18.867 21.277 21.611 21.581 21.176 20.631 22.244 23.867 21.797 20.821 21.566 21.047 19.036 20.570 19.221 19.698 17.346 16.153 16.113 17.343 17.375
1412.799 1412.799 1412.799 1412.799 1412.799 1412.799 1412.799 1412.799 21.849 22.375 23.340 21.931 21.351 19.373 19.065 1412.799 1412.799 1412.799 1412.799 1412.799 23.493 21.309 21.444 21.592 23.210 23.266 22.516 23.171 23.394 23.155 22.087 19.769 19.907 22.115 23.641 23.729 23.039 22.855 23.422 24.110 24.602 25.022 25.359 25.627 25.789 25.723 25.445 24.820 23.211 23.013 21.815 22.307 23.415 23.109 22.955 21.529 21.624 23.162 22.879 22.869 21.262 21.086 19.979 21.947 20.371 18.711 16.037 16.164 17.888 19.745 19.242
1412.799 1412.799 1412.799 1412.799 1412.799 1412.799 1412.799 1412.799 1412.799 1412.799 1412.799 1412.799 1412.799 1412.799 1412.799 1412.799 1412.799 1412.799 1412.799 1412.799 25.967 23.776 23.755 25.132 23.771 21.847 22.633 22.366 22.918 25.426 22.525 19.720 21.811 23.059 23.822 23.908 23.778 24.183 24.344 24.051 25.032 25.607 25.596 25.612 25.715 25.738 25.607 25.319 24.949 23.976 23.423 23.439 23.738 23.777 23.812 23.026 20.308 18.513 21.678 21.439 20.864 21.359 21.404 20.082 18.761 19.288 19.967 19.266 19.843 21.088 20.608
1412.799 1412.799 1412.799 1412.799 1412.799 1412.799 1412.799 1412.799 1412.799 1412.799 1412.799 1412.799 1412.799 1412.799 1412.799 1412.799 1412.799 1412.799 1412.799 1412.799 1412.799 26.297 23.826 23.359 20.346 19.851 21.226 23.071 24.177 23.106 21.237 22.082 23.181 23.995 23.836 24.432 24.471 24.195 23.739 24.290 25.260 25.591 25.325 25.139 25.526 25.679 25.566 25.128 24.656 25.103 24.495 23.904 23.783 23.505 23.277 21.490 18.657 17.954 18.458 18.835 17.588 18.968 19.219 21.052 20.168 20.373 21.087 21.753 21.549 22.617 22.720
1412.799 1412.799 1412.799 1412.799 1412.799 1412.799 1412.799 1412.799 1412.799 1412.799 1412.799 1412.799 1412.799 1412.799 1412.799 1412.799 1412.799 1412.799 1412.799 1412.799 1412.799 20.968 20.935 19.896 19.746 20.849 23.135 22.796 22.296 20.064 21.512 22.907 24.018 24.712 24.691 24.501 24.912 25.029 24.662 24.558 24.895 25.115 24.519 24.510 25.424 24.957 24.320 23.369 23.780 23.755 22.345 22.424 23.009 22.806 23.381 21.674 19.875 18.345 18.792 17.518 16.357 18.706 18.296 17.166 17.271 18.643 19.547 20.421 20.196 22.281 21.449
1412.799 1412.799 1412.799 1412.799 1412.799 1412.799 1412.799 1412.799 1412.799 1412.799 1412.799 1412.799 1412.799 1412.799 1412.799 1412.799 1412.799 1412.799 1412.799 19.570 18.886 19.291 20.053 20.461 21.531 23.095 23.691 21.191 19.622 21.830 21.973 22.212 23.596 24.258 23.833 23.694 23.957 23.868 23.953 23.791 24.456 24.237 24.149 23.259 23.206 22.885 22.271 21.379 21.569 21.291 22.842 22.927 23.129 21.768 21.082 19.170 18.642 17.598 18.888 16.115 15.979 16.060 16.056 16.920 17.930 19.144 19.052 20.434 20.191 22.308 22.574
1412.799 1412.799 1412.799 1412.799 1412.799 1412.799 1412.799 1412.799 1412.799 1412.799 1412.799 1412.799 1412.799 1412.799 1412.799 1412.799 1412.799 1412.799 22.038 21.946 20.656 22.450 22.869 23.188 22.791 20.773 19.471 19.284 20.695 21.215 20.353 19.514 21.884 21.664 21.320 20.327 21.954 21.921 21.417 21.519 22.261 21.206 20.565 20.214 21.618 22.525 22.343 22.445 20.857 20.533 20.536 21.244 21.452 20.685 20.378 16.758 15.207 16.288 15.624 14.796 15.387 18.022 19.771 20.185 21.354 22.643 21.859 22.118 23.243 24.042 24.147
