tests/2D_interpolations/2009-01-19T12.00_VW_ref.asc
ncols               386
nrows               229
xllcorner    479497.492
yllcorner     73502.967
cellsize       1000.000
NODATA_value -999
[rows 31 to 61 of 229, columns 213 to 283 of 386]
25.187 25.032 24.901 24.753 25.029 25.310 25.342 25.478 25.722 25.725 25.573 25.370 25.030 25.076 25.093 25.145 25.142 25.231 25.240 25.218 25.297 25.484 25.311 24.942 24.708 24.716 24.628 24.666 24.610 24.777 25.105 25.000 23.889 22.676 22.296 22.277 22.651 23.026 23.188 23.251 23.266 23.303 23.432 23.475 23.650 23.829 23.960 24.049 24.099 24.176 24.387 24.661 24.863 25.070 25.156 25.165 25.162 25.158 25.155 25.152 25.149 25.146 25.143 1412.799 1412.799 1412.799 1412.799 1412.799 1412.799 1412.799 1412.799
24.521 24.800 24.756 24.406 24.507 24.364 24.668 25.170 25.340 25.279 25.419 25.566 25.594 25.546 25.475 25.459 25.418 25.413 25.552 25.393 25.155 24.741 23.926 23.282 23.054 23.093 23.285 23.372 23.937 24.578 24.738 24.871 25.013 24.441 23.801 23.763 23.893 23.838 23.947 23.917 23.868 23.768 23.796 23.851 23.979 24.054 24.157 24.262 24.321 24.345 24.406 24.522 24.718 25.017 25.155 25.160 25.156 25.153 25.150 25.147 25.144 25.141 25.138 25.135 1412.799 1412.799 1412.799 1412.799 1412.799 1412.799 1412.799
24.019 24.712 24.800 24.377 24.406 24.218 24.227 24.503 24.716 24.655 25.059 25.398 25.531 25.403 25.331 25.364 25.338 25.370 25.039 24.367 23.998 23.488 22.412 21.654 21.639 22.213 22.607 22.855 23.239 24.018 24.283 24.680 24.793 24.737 24.656 24.522 24.593 24.547 24.394 24.236 24.080 24.164 24.183 24.258 24.397 24.408 24.448 24.445 24.467 24.527 24.577 24.708 24.844 24.995 25.127 25.154 25.151 25.148 25.145 25.141 25.138 25.135 25.132 25.130 25.127 1412.799 1412.799 1412.799 1412.799 1412.799 1412.799
23.786 24.557 24.805 24.686 24.490 24.088 24.302 24.469 24.753 24.813 24.931 25.011 25.113 25.284 25.253 25.156 24.932 24.898 24.643 24.048 22.988 22.307 22.445 21.974 21.863 21.805 22.360 22.876 23.187 23.651 23.846 24.220 24.432 24.602 24.530 24.534 24.542 24.463 24.418 24.286 24.239 24.338 24.230 24.217 24.204 24.186 24.257 24.405 24.479 24.530 24.606 24.675 24.866 25.020 25.085 25.108 25.146 25.142 25.139 25.136 25.133 25.130 25.127 25.124 25.121 25.118 1412.799 1412.799 1412.799 1412.799 1412.799
23.945 24.765 24.890 24.687 24.277 24.388 23.808 24.112 24.629 24.728 24.645 24.818 24.876 24.479 24.599 24.175 23.946 24.386 24.308 23.691 23.135 23.231 22.870 22.476 22.038 21.865 22.559 23.157 23.131 23.428 23.612 23.748 24.157 23.843 24.023 24.228 24.369 24.446 24.444 24.231 24.155 23.912 23.638 23.521 23.519 23.632 23.917 23.988 24.026 24.313 24.343 24.646 24.751 24.812 24.871 25.018 25.083 25.136 25.134 25.131 25.128 25.125 25.122 25.119 25.116 25.113 25.110 1412.799 1412.799 1412.799 1412.799
24.632 24.901 24.932 24.885 24.639 24.281 23.982 24.056 24.287 24.473 24.358 24.099 23.801 23.934 24.054 23.367 23.668 23.788 24.097 23.856 23.368 22.981 22.293 21.859 22.150 23.184 23.571 23.660 23.580 23.636 23.480 23.123 23.071 23.267 23.483 23.594 24.002 24.356 24.301 24.300 24.039 23.724 23.138 22.942 23.005 23.218 23.386 23.423 23.795 23.804 23.978 24.212 24.426 24.485 24.656 24.818 25.009 25.056 25.106 25.125 25.122 25.119 25.116 25.113 25.110 25.108 25.105 1412.799 1412.799 1412.799 1412.799
24.858 24.663 24.851 24.678 24.612 24.486 24.254 24.173 24.193 24.067 23.745 23.842 23.308 22.995 23.136 23.222 22.888 23.033 23.956 24.356 24.225 24.017 23.279 23.224 23.464 23.634 23.749 23.827 23.721 23.211 22.950 22.678 22.501 22.834 23.232 23.203 23.497 23.537 23.943 24.061 24.211 23.321 23.036 22.851 22.958 23.332 23.414 23.330 23.558 23.681 23.750 23.933 24.194 24.335 24.492 24.606 24.778 25.009 25.112 25.120 25.117 25.114 25.111 25.108 25.105 25.102 25.100 1412.799 1412.799 1412.799 1412.799
24.764 24.629 24.650 24.623 24.162 23.866 24.149 24.407 24.478 24.306 23.795 23.074 22.666 22.382 22.931 22.821 22.606 23.062 23.775 24.292 24.316 24.092 24.260 23.956 23.798 23.784 23.627 23.566 23.132 22.517 21.991 21.376 21.693 21.876 22.429 22.517 22.409 22.906 22.813 23.090 23.813 23.301 22.642 22.428 23.454 23.491 23.391 23.260 23.255 23.321 23.373 23.755 23.932 24.131 24.432 24.667 24.817 24.994 25.074 25.098 25.111 25.108 25.105 25.102 25.100 25.097 25.097 1412.799 1412.799 1412.799 1412.799
25.136 25.042 24.619 24.298 24.427 23.889 23.964 24.437 24.329 23.965 23.642 23.238 23.350 22.617 22.404 22.169 22.456 23.443 23.762 23.699 23.947 24.007 23.894 23.689 23.608 23.675 23.496 23.155 22.384 21.771 21.410 20.462 20.077 21.405 21.845 21.480 21.708 22.045 22.427 22.451 22.916 23.313 23.097 23.685 23.678 23.797 23.586 23.338 23.050 23.144 23.033 23.072 23.258 23.609 24.115 24.425 24.675 24.858 24.945 25.051 25.067 25.089 25.100 25.097 25.094 25.091 25.098 25.086 1412.799 1412.799 1412.799
23.872 24.245 24.087 24.825 24.726 24.454 24.327 24.536 24.429 24.061 23.911 23.674 22.929 23.175 23.174 23.419 23.040 23.153 23.248 23.511 23.874 23.951 23.807 23.479 23.357 23.412 23.236 22.568 22.020 21.503 20.567 19.981 21.148 21.354 20.773 21.136 21.083 21.505 22.418 22.388 22.545 23.650 23.968 23.370 22.937 22.812 22.775 23.025 22.916 22.821 22.980 22.741 22.559 22.783 23.189 23.607 24.105 24.376 24.597 24.761 24.946 25.036 25.094 25.091 25.096 25.154 25.041 24.917 25.049 1412.799 1412.799
23.698 23.976 24.103 24.557 24.450 24.181 24.355 24.592 23.679 23.276 23.400 23.274 22.423 22.180 22.903 23.126 23.040 23.182 23.081 23.351 23.224 23.364 23.528 23.556 23.547 23.388 23.315 23.220 21.945 21.218 20.932 20.924 21.186 21.243 21.239 21.394 21.494 22.230 22.491 22.397 22.460 23.255 23.593 22.738 22.868 22.511 22.382 22.484 22.608 22.978 22.328 22.371 22.433 22.498 22.497 22.871 23.235 23.544 23.958 24.450 24.640 24.952 25.053 25.109 25.052 24.739 24.362 24.608 24.707 24.976 1412.799
22.711 22.960 23.626 24.568 23.497 23.418 24.215 24.290 23.698 23.312 22.702 22.600 22.365 21.240 21.939 22.729 22.533 22.651 22.895 22.887 22.517 22.149 22.774 23.160 23.404 23.610 23.359 23.026 21.673 21.795 21.804 21.113 22.116 22.814 22.290 22.660 22.783 22.456 22.360 22.532 23.242 23.472 23.641 23.127 22.594 22.469 22.348 22.222 21.847 21.809 22.160 22.651 22.841 22.325 22.141 22.582 22.756 22.951 23.386 23.810 24.242 24.444 24.429 24.220 23.320 22.593 23.023 23.981 24.765 24.691 1412.799
22.137 22.344 23.564 24.047 23.569 23.235 23.623 24.170 23.555 23.054 23.247 21.980 21.379 21.751 21.538 21.306 21.941 22.309 22.167 22.392 21.638 21.640 22.213 22.539 23.265 23.401 23.246 23.117 22.420 21.890 21.527 22.458 22.832 23.093 23.053 23.207 22.801 22.434 22.794 23.581 23.630 23.362 22.847 22.757 22.483 22.327 21.914 21.026 20.556 20.563 20.436 21.489 22.746 22.514 21.881 22.139 22.316 22.383 23.235 23.474 23.258 23.001 22.700 21.395 20.146 21.046 22.706 23.357 23.477 23.569 24.089
22.458 22.405 22.897 23.887 24.290 23.874 23.763 23.163 23.295 23.624 22.987 22.094 21.489 20.938 19.787 19.933 20.679 20.972 20.904 22.211 22.629 22.396 22.374 22.593 23.111 22.871 22.602 22.708 22.541 22.721 22.996 22.986 23.261 23.352 23.451 23.369 22.918 23.508 23.457 23.617 23.149 23.028 22.698 22.213 22.214 21.954 20.617 19.933 19.100 18.158 19.259 20.850 22.564 22.502 21.234 21.728 21.724 21.906 23.068 22.341 21.155 20.648 19.497 18.019 19.405 19.759 20.139 21.031 21.092 21.321 21.386
22.664 22.516 22.935 23.615 23.064 23.434 23.143 23.338 23.337 23.380 22.877 21.987 21.711 20.900 21.179 20.215 20.191 21.796 21.750 21.120 22.344 22.582 22.178 22.477 22.610 21.944 22.343 22.418 22.694 22.959 23.187 23.168 22.883 23.003 23.383 23.646 23.478 23.348 23.741 23.064 22.485 22.915 22.276 22.074 22.000 21.377 20.158 19.524 18.960 18.402 19.114 20.226 22.282 21.411 19.793 21.411 21.419 22.036 21.480 19.333 18.659 18.781 17.520 18.038 17.017 18.608 18.974 19.860 18.825 18.830 18.463
23.054 23.141 23.399 23.150 22.646 21.734 21.475 22.570 23.199 23.345 22.908 22.991 21.789 22.248 21.930 21.059 19.938 21.678 20.841 21.088 21.574 21.556 22.017 22.552 22.922 22.204 22.179 22.194 22.225 22.527 22.710 22.806 22.590 22.511 22.542 22.970 23.192 23.066 22.912 22.376 22.135 22.053 22.257 22.096 21.923 21.356 20.228 19.389 19.091 18.682 19.506 20.381 21.890 21.085 20.568 21.133 21.071 21.107 20.903 20.559 19.885 18.433 16.885 15.291 16.809 18.298 18.204 18.675 18.446 17.258 19.373
23.550 23.379 23.603 23.621 22.365 21.660 21.742 22.359 22.072 22.322 22.954 23.389 22.810 22.707 22.752 21.567 21.655 21.446 19.762 19.735 20.788 22.035 21.739 22.301 22.592 21.536 21.208 21.393 21.927 21.815 22.688 22.652 22.471 21.832 21.782 22.657 22.718 23.044 22.757 22.023 21.980 21.856 21.868 21.926 21.494 20.818 20.191 19.761 18.984 19.450 20.217 21.092 21.482 20.847 20.981 20.346 19.428 20.556 20.416 19.816 18.515 18.135 17.545 16.739 15.973 16.223 17.069 18.228 18.679 19.919 20.842
23.714 23.625 23.573 23.623 22.883 22.097 21.406 22.419 21.599 21.339 22.538 22.095 21.628 22.377 21.532 21.356 20.989 20.575 19.960 19.788 20.650 21.652 21.730 21.804 21.688 20.830 20.711 20.774 20.899 21.191 21.928 22.932 22.184 21.583 21.398 21.380 21.759 21.858 22.342 22.006 21.852 21.784 21.624 21.667 21.358 21.111 20.395 19.869 19.995 20.775 21.205 21.258 21.234 20.563 19.332 18.689 18.404 18.112 17.519 18.839 19.484 18.714 17.448 15.732 15.636 16.034 16.756 17.873 18.241 18.904 20.961
23.934 23.764 23.740 23.424 23.137 22.984 22.166 21.922 21.294 21.004 22.058 21.537 20.647 21.816 22.264 21.243 20.371 20.983 19.840 19.962 20.208 20.605 20.156 20.869 20.635 20.265 19.791 20.178 20.095 20.531 21.649 22.233 21.253 20.154 19.903 21.019 21.034 21.421 21.440 21.899 22.249 21.531 21.590 21.694 21.518 21.218 20.834 20.917 20.985 21.260 21.618 21.014 19.953 19.530 19.216 18.327 17.082 16.293 16.915 17.408 18.225 18.618 17.413 17.148 15.807 14.817 16.496 16.835 19.184 21.608 22.862
23.993 23.803 23.673 23.299 23.529 23.191 22.733 21.942 21.149 21.657 21.792 21.533 20.030 21.142 22.474 22.574 21.508 20.654 20.743 19.670 20.054 20.065 20.890 20.549 19.928 19.490 19.634 20.000 19.874 20.476 21.527 22.365 22.493 21.239 20.864 20.509 20.858 20.434 20.498 21.036 21.060 21.416 21.201 20.975 20.825 20.572 20.794 20.701 21.126 21.004 20.616 20.459 20.760 18.510 17.679 16.850 17.250 17.544 16.869 17.086 16.756 16.881 17.507 16.223 15.630 17.768 17.891 20.368 21.841 23.308 24.192
24.058 23.890 23.729 23.340 23.219 23.538 23.233 22.415 21.662 21.352 21.290 21.176 20.076 20.464 22.025 21.515 20.799 21.353 20.597 19.918 18.786 19.326 20.009 20.993 19.410 19.402 19.719 20.048 19.949 20.422 21.707 22.304 20.827 20.689 19.821 19.294 19.873 19.762 18.767 19.577 19.863 19.877 20.373 20.872 19.818 19.644 19.262 19.745 19.710 19.637 20.194 20.156 19.524 18.939 18.554 18.178 17.820 16.953 16.300 15.070 15.192 15.553 13.538 15.566 18.115 19.159 21.392 22.694 23.762 24.412 24.759
24.588 24.292 23.855 23.471 23.328 23.360 23.406 22.963 22.535 21.724 21.239 19.963 19.636 20.362 22.036 21.158 20.708 19.627 19.963 20.117 19.662 19.376 18.598 19.257 19.108 18.440 19.516 19.687 20.122 20.552 21.366 22.598 21.960 20.885 19.853 20.021 19.989 18.656 17.919 18.658 19.136 19.486 20.495 19.654 18.435 19.337 19.665 18.771 18.833 19.207 19.258 20.166 20.936 20.252 18.343 18.227 17.850 17.284 16.826 16.549 13.924 13.964 14.791 16.739 18.846 21.149 22.806 23.892 24.511 24.693 24.772
24.700 24.586 24.360 23.872 23.146 23.379 23.395 23.245 22.725 21.752 21.181 20.353 20.337 21.160 21.533 20.646 20.233 19.544 19.004 18.835 18.281 17.890 18.328 19.481 19.588 19.431 19.141 19.473 19.974 20.515 21.262 22.646 22.112 20.987 21.044 20.097 19.790 19.497 19.268 17.765 18.287 19.057 18.961 18.052 18.237 19.330 19.622 17.896 17.350 19.480 19.670 18.752 20.237 19.535 18.908 18.484 18.177 18.047 16.978 15.147 15.402 15.490 14.256 15.510 18.937 22.013 23.602 24.360 24.600 24.711 24.755
24.756 24.713 24.484 24.299 23.865 23.248 23.222 23.208 23.217 22.789 22.319 21.405 21.010 20.747 20.788 20.966 20.840 19.688 20.035 19.041 18.284 17.553 17.201 18.722 19.732 19.458 20.158 19.593 19.838 19.809 21.212 22.459 20.609 20.226 21.424 20.900 20.188 19.028 18.549 18.802 18.316 17.271 18.762 18.074 18.251 18.043 18.183 17.955 19.236 19.200 18.747 18.320 19.906 19.836 17.513 17.257 17.194 17.418 16.923 16.268 16.476 15.612 15.610 17.010 19.097 22.250 24.022 24.414 24.587 24.695 24.704
24.812 24.791 24.610 24.407 24.168 23.523 23.083 23.101 23.141 23.023 22.701 22.104 21.465 20.175 19.296 20.350 21.330 21.091 20.681 19.595 18.572 17.485 17.349 18.524 18.459 18.107 19.532 18.659 19.764 20.271 20.741 22.448 20.852 19.051 20.216 20.640 20.392 20.082 19.328 18.918 17.615 17.654 18.640 18.031 17.264 18.045 17.596 18.721 19.264 18.562 17.997 18.156 19.026 19.801 19.139 17.421 17.354 15.696 16.725 17.303 17.096 16.151 15.635 17.150 19.497 22.471 24.118 24.466 24.580 24.687 24.726
24.627 24.816 24.469 24.499 24.352 23.985 23.150 22.879 23.085 23.221 23.068 21.903 21.253 20.024 18.897 19.953 19.554 19.649 19.333 19.514 19.842 19.338 19.177 18.225 17.450 19.114 18.398 18.328 19.314 20.265 20.515 22.092 21.320 19.692 18.967 20.544 18.698 18.664 18.198 18.591 16.893 17.087 17.727 17.488 16.835 17.092 18.048 18.656 18.857 18.184 16.440 15.985 16.768 18.314 18.966 19.056 17.230 16.901 16.844 16.320 15.356 14.188 15.905 17.956 20.347 22.554 24.047 24.404 24.555 24.634 24.657
24.222 24.798 24.711 24.588 24.408 23.843 23.496 22.883 23.184 23.213 23.262 22.279 20.565 19.241 20.037 19.664 18.734 18.503 18.831 17.677 19.720 18.579 17.538 15.884 18.565 18.904 17.614 17.671 18.895 20.569 20.780 21.855 21.123 18.598 19.239 20.604 20.026 17.771 15.820 15.627 18.140 16.905 16.366 16.796 17.661 17.710 17.804 18.609 18.162 16.092 12.947 14.690 14.967 15.858 17.338 19.384 19.006 17.919 17.272 17.005 17.020 16.539 17.280 19.343 20.716 22.577 23.774 24.315 24.552 24.601 24.631
23.661 24.516 24.734 24.634 24.419 24.120 23.673 23.555 23.050 23.236 23.186 22.839 21.504 20.531 20.324 19.260 19.152 18.292 16.693 18.456 18.246 18.580 17.402 17.216 16.781 16.420 16.001 16.907 20.092 19.551 19.872 21.329 20.766 18.729 18.239 20.179 19.049 18.291 17.892 17.961 16.961 16.443 17.769 17.772 16.731 16.746 16.712 18.633 18.565 16.816 15.215 15.987 17.068 17.035 17.341 18.219 18.849 18.861 18.757 18.188 17.398 16.461 15.162 17.294 20.512 21.747 22.707 24.122 24.565 24.590 1412.799
22.574 23.960 24.573 24.840 24.682 24.107 23.792 23.446 23.487 23.178 23.180 23.078 22.275 21.144 20.690 19.746 18.743 16.667 17.932 19.219 17.637 18.731 14.708 15.963 14.577 16.323 18.160 18.407 17.525 18.035 19.754 20.609 21.416 19.987 17.434 17.685 20.516 20.003 19.388 18.170 18.356 18.514 18.090 16.970 15.416 14.671 15.784 18.259 18.376 17.682 16.464 17.192 16.578 16.420 15.982 16.294 17.398 17.900 18.421 17.053 14.922 12.966 13.178 15.521 17.178 18.130 22.301 23.873 23.929 24.567 1412.799
21.761 23.149 24.218 24.583 24.700 24.608 24.101 23.596 23.344 23.352 23.121 23.128 22.829 21.600 20.153 18.820 18.628 17.214 17.627 19.791 17.811 16.213 17.781 17.092 14.076 15.851 17.861 18.375 16.461 17.659 17.976 20.719 20.486 18.031 15.871 17.899 18.484 19.812 19.879 19.724 18.888 17.853 16.782 14.481 15.486 16.018 17.300 17.260 16.399 15.212 16.538 15.788 14.428 14.723 14.932 13.064 13.652 16.404 18.469 17.358 15.638 12.431 11.945 12.908 14.526 18.582 20.990 22.472 23.499 1412.799 1412.799
20.705 22.151 23.486 24.312 24.567 24.602 24.259 23.869 23.500 23.140 23.214 23.132 22.852 22.317 21.517 19.606 18.661 17.234 17.667 19.421 17.420 15.070 17.744 17.011 16.641 14.449 16.979 15.939 14.689 17.203 18.976 20.441 21.808 19.621 17.328 16.689 17.979 18.944 18.348 19.481 18.377 16.729 16.122 16.045 14.544 15.588 17.934 16.018 14.637 14.932 15.539 14.440 12.592 11.353 12.474 14.241 16.458 15.679 17.458 18.015 16.285 15.647 12.582 10.417 12.799 18.566 22.666 23.521 1412.799 1412.799 1412.799
