tests/2D_interpolations/2009-01-19T12.00_HNW_ref.asc
ncols               386
nrows               229
xllcorner    479497.492
yllcorner     73502.967
cellsize       1000.000
NODATA_value -999
[rows 132 to 164 of 229, columns 73 to 145 of 386]
0.348 0.464 0.492 0.497 0.547 0.538 0.496 0.481 0.538 0.577 0.508 0.571 0.627 0.675 0.725 0.754 0.770 0.734 0.611 0.531 0.481 0.469 0.474 0.608 0.662 0.720 0.861 1.065 1.003 1.034 0.873 0.928 0.957 1.053 0.990 0.925 0.715 0.866 0.996 0.949 0.956 0.924 1.210 1.035 1.125 1.292 1.326 1.295 0.866 0.989 0.869 0.897 1.181 1.286 1.186 0.964 1.198 0.985 1.038 0.908 0.784 0.822 0.429 0.437 0.429 0.447 0.433 0.441 0.386 0.386 0.386 0.386 0.386
0.467 0.519 0.544 0.533 0.568 0.547 0.496 0.486 0.548 0.536 0.530 0.583 0.612 0.654 0.690 0.709 0.659 0.616 0.561 0.500 0.469 0.469 0.499 0.631 0.715 0.826 0.976 1.064 1.128 1.095 0.983 0.962 1.048 0.998 0.929 0.745 0.763 0.946 1.161 0.996 0.957 0.976 1.347 1.299 1.283 1.300 1.102 0.949 0.828 0.691 0.906 0.935 0.942 0.874 0.907 0.766 0.817 0.730 0.797 0.675 0.481 0.440 0.462 0.464 0.447 0.513 0.508 0.429 0.386 0.386 0.386 0.386 0.386
0.497 0.559 0.519 0.574 0.540 0.498 0.488 0.512 0.532 0.522 0.586 0.654 0.658 0.678 0.701 0.675 0.627 0.568 0.533 0.491 0.491 0.469 0.535 0.660 0.804 0.988 0.928 0.949 0.965 0.921 0.941 0.958 1.050 0.943 0.753 0.725 0.903 1.028 1.106 1.025 1.045 1.100 1.230 1.168 1.227 0.931 0.860 0.722 0.646 0.649 0.673 0.646 0.653 0.596 0.616 0.571 0.530 0.537 0.460 0.451 0.462 0.525 0.598 0.613 0.529 0.455 0.573 0.556 0.504 0.472 0.390 0.386 0.386
0.541 0.509 0.580 0.553 0.549 0.514 0.526 0.547 0.548 0.548 0.591 0.631 0.661 0.657 0.654 0.660 0.644 0.603 0.523 0.493 0.543 0.499 0.555 0.720 0.862 0.876 0.799 0.836 0.757 0.749 0.821 0.887 0.982 0.927 0.987 0.797 1.045 1.135 1.404 1.451 1.395 1.187 1.315 0.926 0.787 0.700 0.608 0.561 0.595 0.585 0.558 0.554 0.522 0.503 0.541 0.540 0.601 0.580 0.513 0.600 0.670 0.762 0.940 1.152 0.859 0.540 0.517 0.619 0.624 0.595 0.575 0.430 0.417
0.474 0.547 0.566 0.569 0.511 0.571 0.591 0.582 0.570 0.559 0.554 0.575 0.600 0.644 0.695 0.694 0.665 0.582 0.505 0.502 0.507 0.469 0.524 0.733 0.886 0.789 0.671 0.678 0.661 0.803 0.796 1.012 1.152 1.185 0.968 1.148 1.050 1.285 1.248 1.156 1.300 1.147 1.025 1.053 0.821 0.599 0.630 0.695 0.838 0.705 0.719 0.780 0.854 0.823 0.750 0.744 0.710 0.510 0.663 0.813 0.927 0.961 1.314 1.523 1.365 0.870 0.497 0.590 0.658 0.713 0.773 0.690 0.618
0.458 0.504 0.565 0.579 0.552 0.568 0.612 0.634 0.592 0.566 0.567 0.565 0.580 0.617 0.672 0.670 0.574 0.512 0.510 0.516 0.489 0.469 0.532 0.752 0.956 0.760 0.636 0.672 0.916 0.942 0.912 0.916 1.275 1.094 1.151 1.090 1.164 1.448 1.494 1.355 0.982 1.221 0.968 0.771 0.651 0.583 0.737 0.818 0.862 1.027 0.852 1.121 1.122 1.130 0.910 0.932 0.774 0.622 0.817 1.015 1.231 1.295 1.319 1.248 1.095 0.974 0.557 0.577 0.654 0.685 0.744 0.943 0.937
0.488 0.479 0.518 0.575 0.573 0.599 0.636 0.638 0.599 0.589 0.572 0.584 0.578 0.581 0.577 0.544 0.539 0.537 0.517 0.536 0.522 0.469 0.531 0.834 0.889 0.622 0.617 0.693 0.868 1.023 0.995 1.098 1.172 1.262 1.288 1.007 1.182 1.059 1.285 1.035 0.833 0.904 0.735 0.571 0.610 0.835 0.910 0.928 1.078 1.224 1.225 1.428 1.318 1.163 1.080 0.820 0.671 0.712 0.920 1.077 1.255 1.564 1.409 0.984 1.064 0.733 0.493 0.539 0.673 0.838 0.895 0.713 0.915
0.443 0.471 0.572 0.581 0.601 0.633 0.630 0.620 0.634 0.588 0.597 0.573 0.577 0.563 0.553 0.557 0.557 0.541 0.525 0.527 0.516 0.469 0.509 0.726 0.609 0.555 0.609 0.633 0.878 1.023 0.918 1.165 1.286 1.138 1.028 0.920 0.809 0.985 1.109 1.145 0.915 0.781 0.620 0.684 0.870 1.011 1.077 1.030 1.149 1.218 1.181 1.069 1.107 1.057 0.902 0.694 0.674 0.831 1.046 1.171 1.424 1.383 1.057 1.008 0.738 0.559 0.496 0.593 0.745 0.976 1.097 1.041 0.841
0.451 0.493 0.567 0.563 0.602 0.586 0.633 0.619 0.619 0.597 0.581 0.603 0.608 0.612 0.604 0.597 0.562 0.547 0.524 0.508 0.506 0.487 0.532 0.556 0.600 0.675 0.705 0.708 0.607 0.719 0.930 1.115 0.959 0.820 0.682 0.709 0.733 0.869 1.292 1.158 0.941 0.747 0.638 0.736 0.874 0.983 1.185 1.265 1.296 1.064 0.890 0.867 0.897 0.750 0.724 0.846 0.787 0.952 1.118 1.323 1.558 1.214 0.984 0.795 0.549 0.506 0.595 0.614 0.853 1.108 1.234 1.067 1.094
0.449 0.522 0.546 0.562 0.590 0.628 0.612 0.616 0.581 0.586 0.599 0.677 0.724 0.706 0.662 0.644 0.611 0.545 0.512 0.496 0.488 0.474 0.534 0.650 0.777 0.801 0.897 0.913 0.796 0.624 0.672 0.651 0.642 0.783 0.949 0.953 0.909 0.772 1.145 1.073 1.041 0.793 0.613 0.725 1.032 1.192 1.296 1.272 1.113 1.053 1.161 1.120 0.745 1.028 0.944 1.021 0.824 1.008 1.264 1.552 1.373 1.024 0.886 0.599 0.519 0.597 0.761 0.674 0.773 0.959 1.086 1.276 1.475
0.458 0.526 0.529 0.572 0.606 0.619 0.565 0.602 0.581 0.591 0.663 0.793 0.858 0.823 0.733 0.755 0.714 0.594 0.514 0.499 0.486 0.478 0.769 1.017 1.036 0.833 0.760 1.034 0.881 0.755 0.900 0.803 0.811 1.159 0.974 1.186 1.105 0.780 0.846 1.047 1.003 0.842 0.620 0.804 0.967 1.307 1.381 1.162 1.220 1.266 1.282 0.952 0.886 1.244 1.024 1.077 0.877 1.216 1.318 1.500 1.226 0.861 0.678 0.560 0.529 0.738 0.963 0.970 0.657 0.711 0.958 1.534 1.493
0.460 0.492 0.529 0.596 0.576 0.542 0.581 0.568 0.583 0.634 0.803 0.897 0.876 0.742 0.715 0.893 0.821 0.679 0.575 0.519 0.512 0.535 0.828 1.005 1.091 0.910 0.730 0.941 0.778 0.994 1.067 1.063 0.969 1.108 1.098 1.119 0.919 0.927 1.020 1.126 0.917 0.836 0.787 0.646 0.956 1.302 1.281 1.282 1.229 1.050 1.055 0.796 1.071 1.277 1.535 1.049 0.897 1.394 1.486 1.295 1.010 0.874 0.602 0.577 0.557 0.839 1.152 1.191 0.874 0.650 0.960 1.099 1.229
0.436 0.492 0.548 0.545 0.526 0.591 0.579 0.573 0.606 0.687 0.826 0.930 0.809 0.733 0.795 0.930 0.789 0.639 0.632 0.596 0.491 0.560 0.726 0.941 1.195 0.863 0.941 1.131 0.877 0.979 1.452 1.433 1.088 1.049 1.385 1.103 0.857 1.055 1.166 1.098 0.902 0.842 0.763 0.701 1.039 0.992 1.121 1.361 1.239 1.170 0.925 0.829 1.008 1.305 1.319 1.349 1.031 1.297 1.539 1.190 0.924 0.690 0.600 0.554 0.591 0.803 1.130 1.269 1.081 0.824 0.826 1.017 0.889
0.444 0.461 0.491 0.523 0.607 0.581 0.560 0.572 0.622 0.804 0.849 0.990 0.807 0.849 0.856 0.930 0.806 0.802 0.776 0.572 0.491 0.526 0.720 1.032 1.127 0.793 1.143 1.102 0.922 1.023 1.265 1.086 1.077 1.291 1.251 0.952 1.055 1.192 1.209 0.987 1.048 0.897 0.669 0.677 0.897 1.067 1.328 1.322 1.461 1.315 0.858 0.867 1.202 1.147 1.433 1.566 1.133 1.317 1.388 1.019 0.890 0.598 0.748 0.795 0.553 0.892 1.088 1.243 1.236 0.902 0.840 1.213 1.203
0.433 0.445 0.492 0.556 0.584 0.575 0.590 0.591 0.686 0.885 0.971 0.967 0.806 0.964 1.027 1.038 0.854 1.027 0.801 0.629 0.496 0.522 0.787 1.041 1.074 0.926 1.147 1.333 1.157 0.955 1.271 1.204 1.386 1.273 1.079 0.950 1.232 1.340 1.187 1.122 1.085 0.889 0.652 0.692 0.940 1.066 1.181 1.340 1.193 0.958 1.010 1.119 0.978 1.407 1.402 1.603 1.439 1.517 1.215 0.945 0.644 0.748 0.970 0.759 0.566 0.818 1.153 1.471 1.396 1.040 0.814 0.947 1.107
0.439 0.465 0.481 0.534 0.592 0.579 0.587 0.590 0.756 0.942 1.003 0.975 0.844 0.951 1.295 1.202 1.047 0.916 0.893 0.514 0.510 0.630 0.924 1.300 1.097 1.189 1.439 1.305 1.024 1.059 1.206 1.261 1.232 1.144 1.104 1.160 1.284 1.141 1.160 1.124 1.142 0.782 0.729 0.667 0.835 0.981 1.218 1.332 1.427 1.267 1.090 1.215 0.938 1.359 1.661 1.539 1.628 1.434 0.981 0.845 0.753 0.933 1.164 0.906 0.592 0.886 1.247 1.540 1.600 1.472 1.114 0.972 1.019
0.442 0.479 0.488 0.498 0.566 0.588 0.567 0.605 0.751 0.793 0.827 0.865 0.889 1.209 1.135 0.861 0.832 1.003 0.638 0.521 0.533 0.783 0.887 1.039 1.423 1.461 1.217 1.281 0.999 1.160 1.284 1.127 1.007 1.110 1.240 1.136 1.308 1.163 0.974 0.996 0.894 0.737 0.812 0.658 0.914 1.076 1.215 1.431 1.520 1.538 1.325 1.228 0.975 1.186 1.346 1.606 1.353 1.246 1.030 0.782 0.836 1.036 1.356 1.177 0.609 0.807 1.301 1.429 1.774 1.360 1.401 1.279 1.229
0.529 0.485 0.502 0.498 0.542 0.553 0.561 0.623 0.641 0.689 0.754 0.768 1.007 1.037 0.937 0.773 0.678 0.741 0.523 0.557 0.649 0.769 1.027 1.159 1.259 1.542 1.464 1.123 0.998 1.435 1.171 1.088 0.983 1.033 1.252 1.094 1.081 1.052 0.930 0.861 0.817 0.929 0.970 0.664 0.941 1.230 1.321 1.352 1.166 1.205 1.382 1.530 1.330 1.166 1.385 1.470 1.142 1.099 0.959 0.760 0.927 1.223 1.507 1.311 0.897 0.663 0.953 1.183 1.440 1.656 1.431 1.465 1.500
0.552 0.502 0.550 0.548 0.589 0.601 0.563 0.683 0.808 0.844 0.767 0.810 0.866 1.006 0.944 1.180 0.910 0.595 0.522 0.588 0.915 0.929 0.923 1.288 1.484 1.177 1.229 0.906 1.124 1.086 1.038 1.209 1.014 1.067 1.257 1.146 0.986 0.884 0.889 0.931 0.947 1.100 0.934 0.671 0.876 1.068 1.151 1.021 0.982 1.010 1.080 1.313 1.493 1.473 1.541 1.237 1.158 1.061 0.830 0.921 1.080 1.269 1.343 1.438 1.004 0.704 0.876 1.416 1.716 1.769 1.803 1.835 1.703
0.563 0.492 0.557 0.587 0.620 0.549 0.569 0.606 0.810 0.837 0.893 0.992 1.025 1.077 1.245 1.055 0.797 0.603 0.522 0.720 1.036 1.083 1.000 1.157 1.368 1.208 0.877 0.977 0.950 0.910 1.139 1.209 0.913 1.059 1.176 0.986 0.915 0.914 0.984 1.080 1.043 1.312 0.967 0.710 0.721 0.944 1.086 0.933 1.303 1.427 1.323 1.252 1.316 1.762 1.414 1.093 1.027 0.951 0.775 0.969 1.164 1.369 1.407 1.539 1.190 0.774 0.968 1.654 1.581 1.542 1.412 1.636 1.800
0.613 0.522 0.547 0.653 0.505 0.501 0.616 0.816 0.755 0.749 0.807 1.076 0.985 1.170 1.082 0.875 0.690 0.573 0.610 0.881 1.078 1.163 1.284 1.415 1.256 0.945 0.828 0.815 0.826 0.980 1.039 0.983 0.786 0.973 1.038 0.836 0.858 1.020 1.083 1.271 1.121 1.286 1.070 0.848 0.719 0.692 0.848 0.952 1.171 1.286 1.551 1.600 1.568 1.502 1.385 1.257 1.186 0.935 0.840 1.040 1.223 1.429 1.713 1.546 1.065 0.816 0.906 1.151 1.151 1.093 1.370 1.757 1.965
0.707 0.548 0.519 0.520 0.376 0.527 0.702 0.882 0.806 0.867 1.034 0.851 0.978 1.171 0.957 0.778 0.609 0.575 0.781 0.976 1.085 1.223 1.318 1.106 0.882 0.939 1.123 0.863 0.831 0.758 0.746 0.740 0.828 0.724 0.762 0.803 0.922 1.163 1.230 1.285 1.249 1.247 1.067 0.989 0.978 0.844 0.707 1.019 1.094 1.265 1.511 1.791 1.400 1.286 1.109 1.190 0.957 0.846 0.932 1.167 1.370 1.730 1.413 1.204 0.828 0.815 0.864 1.013 1.129 1.254 1.264 1.701 2.189
0.553 0.491 0.444 0.347 0.420 0.526 0.761 0.823 0.815 1.009 1.086 0.972 1.123 1.037 0.838 0.691 0.607 0.727 0.809 1.035 1.142 1.251 0.950 0.875 0.750 0.816 0.899 0.705 0.682 0.678 0.767 0.715 0.702 0.838 0.706 0.747 0.843 1.172 1.132 1.077 1.020 1.155 1.134 1.079 1.223 1.012 0.709 0.899 1.183 1.244 1.367 1.724 1.249 1.082 1.025 0.942 0.915 0.926 1.019 1.068 1.376 1.512 1.481 1.336 0.944 0.912 1.395 1.385 1.609 1.788 1.660 1.895 2.203
0.318 0.323 0.284 0.354 0.407 0.468 0.669 0.742 0.717 0.975 1.078 1.110 1.228 1.041 0.764 0.735 0.637 0.596 0.736 0.835 0.820 0.955 0.849 0.662 0.664 0.682 0.663 0.708 0.837 0.999 0.926 0.957 1.139 0.820 0.843 0.727 0.816 0.868 0.895 1.006 1.088 1.014 1.208 1.237 1.135 1.183 0.759 0.791 1.044 1.245 1.372 1.623 1.230 1.295 1.163 1.086 0.971 1.003 1.314 1.307 1.688 1.628 1.214 1.029 0.846 1.388 1.623 1.868 1.867 2.119 2.137 2.063 1.991
0.258 0.266 0.293 0.334 0.357 0.415 0.513 0.580 0.675 0.856 1.005 0.972 1.121 0.900 0.681 0.964 0.978 0.616 0.581 0.595 0.618 0.609 0.616 0.643 0.743 0.797 0.745 1.090 1.093 1.224 1.344 1.278 0.930 0.989 0.990 0.725 0.769 0.871 1.054 1.109 1.232 1.071 1.282 1.424 1.246 1.315 0.824 0.726 0.856 0.996 1.207 1.423 1.434 1.205 1.084 1.254 1.088 1.013 1.539 1.781 1.944 1.478 1.211 1.475 0.951 1.070 1.552 1.569 1.872 1.938 2.169 1.639 1.469
0.258 0.258 0.258 0.290 0.298 0.336 0.415 0.645 0.751 0.694 0.791 0.891 1.065 0.802 0.713 0.998 1.183 0.853 0.778 0.788 0.881 0.684 0.664 0.847 0.930 0.935 0.968 0.914 1.455 1.432 1.271 1.097 0.928 1.150 0.899 0.764 0.870 0.803 1.244 1.099 1.523 1.391 1.157 1.567 1.381 1.024 0.877 0.753 0.801 1.062 1.204 1.389 1.246 1.222 1.161 1.350 1.042 1.037 1.414 1.697 1.666 1.319 1.444 1.335 1.182 1.015 0.963 0.975 1.225 1.643 1.695 1.305 1.402
0.258 0.258 0.258 0.258 0.264 0.307 0.378 0.566 0.580 0.558 0.833 0.993 1.062 1.148 0.866 0.751 1.116 1.043 1.115 0.982 0.868 0.788 0.842 0.950 1.097 1.182 1.084 0.980 1.335 1.270 1.141 1.045 1.102 0.921 0.755 0.869 1.174 0.804 1.152 1.351 1.425 1.493 1.161 1.566 1.161 1.079 0.981 0.872 0.741 0.986 1.163 1.355 1.313 1.371 1.323 1.730 1.371 1.361 1.539 1.741 1.466 1.421 1.329 1.290 1.562 1.666 1.392 1.575 1.130 1.138 1.209 1.257 1.677
0.258 0.258 0.258 0.258 0.258 0.258 0.258 0.384 0.492 0.740 0.865 1.180 1.371 1.199 1.099 0.834 0.931 1.212 1.024 1.015 1.125 1.045 0.891 0.777 0.927 1.287 1.327 1.487 1.556 1.397 1.176 1.017 0.926 1.026 0.755 1.017 1.275 0.830 1.019 1.330 1.494 1.501 1.224 1.402 1.155 1.265 1.166 0.910 0.747 0.814 1.055 1.320 1.372 1.454 1.693 1.471 1.349 1.356 1.552 1.807 1.603 1.702 1.316 1.455 1.749 2.044 1.761 1.732 1.542 1.292 1.417 1.676 2.092
0.258 0.258 0.258 0.258 0.258 0.258 0.258 0.258 0.480 0.581 0.799 1.199 1.152 1.119 0.964 0.930 0.821 0.895 0.872 0.986 1.102 1.074 0.948 0.828 0.803 0.998 1.137 1.188 1.259 1.246 1.370 1.186 1.283 1.238 0.762 0.978 1.289 0.970 0.886 1.036 1.186 1.277 1.409 1.320 1.247 1.297 1.092 0.829 0.959 0.754 0.784 0.991 1.155 1.428 1.670 1.507 1.460 1.499 1.707 1.731 1.840 1.433 1.626 1.721 1.811 2.352 2.221 2.241 1.650 1.662 1.965 2.063 1.826
0.258 0.258 0.258 0.258 0.258 0.258 0.258 0.258 0.374 0.797 1.002 0.813 0.834 1.141 1.330 1.172 0.869 0.869 0.971 0.993 0.961 0.938 1.038 0.999 0.949 0.853 0.943 0.898 1.080 1.471 1.468 1.423 1.348 1.121 0.778 0.968 1.182 1.045 0.856 0.959 1.094 1.247 1.359 1.344 1.352 1.232 1.044 0.860 1.194 1.021 0.983 0.970 1.319 1.588 1.566 1.775 1.856 1.710 1.967 1.793 1.651 1.546 1.683 2.008 1.925 1.981 2.284 2.268 1.792 1.930 1.875 1.812 1.658
0.258 0.258 0.258 0.258 0.258 0.258 0.258 0.258 0.267 0.619 0.572 0.644 0.920 1.303 1.055 0.905 1.019 0.917 1.122 1.124 1.218 0.963 1.066 1.202 1.206 0.857 1.322 1.201 0.988 1.344 1.334 0.996 0.976 0.948 0.782 0.956 1.232 1.016 0.926 0.879 1.064 1.190 1.276 1.328 1.305 1.101 1.140 0.951 1.178 1.255 1.026 1.154 1.522 1.729 1.964 2.203 2.060 1.987 1.939 1.939 1.704 1.527 1.815 2.140 2.061 1.913 1.778 1.838 1.885 1.765 1.628 1.622 1.442
0.258 0.258 0.258 0.258 0.258 0.258 0.258 0.258 0.286 0.396 0.695 1.002 1.230 1.012 0.997 1.098 1.197 1.002 1.169 1.357 1.108 0.990 1.014 1.121 1.063 1.012 1.147 1.245 1.016 1.350 1.157 1.093 1.187 1.017 0.801 0.986 1.119 1.204 1.037 0.891 1.115 1.375 1.462 1.364 1.199 1.301 1.336 1.246 1.110 1.624 1.645 1.453 1.694 1.917 2.207 2.087 1.847 1.921 1.652 1.632 1.578 1.651 1.840 1.737 1.540 1.395 1.605 1.944 1.836 1.597 1.437 1.204 1.152
0.258 0.258 0.258 0.258 0.258 0.258 0.258 0.259 0.260 0.465 0.892 1.187 1.029 1.050 1.091 1.179 1.258 1.148 1.406 1.277 1.094 0.990 1.080 1.120 1.341 1.307 1.291 1.173 1.200 1.320 1.068 1.173 1.339 1.068 0.820 0.936 1.151 1.264 1.123 0.956 1.144 1.361 1.409 1.356 1.607 1.494 1.190 1.325 1.488 1.710 1.656 1.739 1.789 1.869 1.973 2.119 1.933 1.706 1.624 1.712 1.697 1.222 1.293 1.257 1.230 1.532 1.816 1.907 1.886 1.676 1.407 1.124 0.915
