tests/2D_interpolations/2009-01-19T12.00_VW_ref.asc
ncols               386
nrows               229
xllcorner    479497.492
yllcorner     73502.967
cellsize       1000.000
NODATA_value -999
[rows 93 to 123 of 229, columns 142 to 212 of 386]
20.736 21.739 21.774 21.288 20.470 18.927 20.136 18.030 18.103 16.639 17.900 17.773 16.046 16.712 16.956 19.021 18.097 19.128 18.188 18.831 18.367 18.718 19.092 19.218 19.946 21.210 21.799 21.923 19.187 17.952 19.504 22.011 23.679 23.743 23.289 21.988 20.757 18.926 20.206 22.695 23.078 22.291 22.823 24.105 24.978 23.916 24.219 25.200 25.216 25.001 25.247 25.225 25.236 25.133 25.505 24.440 23.190 20.074 14.936 10.277 7.833 9.819 14.099 16.917 19.320 21.339 21.942 22.511 21.234 24.099 23.889
22.276 22.113 21.303 20.788 20.772 20.191 18.651 19.222 17.678 16.482 15.198 15.726 16.992 14.970 17.335 17.790 16.749 17.391 16.694 17.338 18.313 17.983 18.822 19.317 21.449 20.726 21.903 21.077 18.666 17.994 19.978 22.420 21.998 21.047 19.828 19.474 19.906 17.578 17.520 20.171 19.839 19.707 20.891 23.259 24.841 24.716 24.042 24.782 25.307 25.290 25.299 25.240 25.183 25.220 25.369 25.236 25.247 24.488 20.070 14.467 11.392 12.474 14.528 13.992 14.455 16.303 16.544 19.664 23.169 23.777 24.588
22.339 21.647 21.672 21.759 20.223 19.378 17.566 17.751 18.187 17.295 16.570 16.242 16.553 14.690 15.653 15.873 16.422 15.212 15.958 15.433 16.819 17.653 18.918 20.007 19.737 20.139 21.855 20.346 18.686 18.832 19.755 20.178 19.696 19.577 20.793 19.463 17.823 16.819 16.909 18.382 17.488 16.276 18.280 20.986 24.097 24.642 24.376 25.057 25.471 25.464 25.894 24.722 23.821 24.751 25.129 25.041 25.082 26.407 24.727 17.819 14.504 16.631 16.328 8.900 13.336 16.508 18.835 22.095 23.458 24.404 25.344
22.831 22.848 21.695 21.374 20.025 18.917 18.058 16.451 15.458 16.105 17.858 14.994 13.377 13.781 15.088 14.328 12.715 13.777 13.391 17.003 17.540 17.339 17.704 19.648 19.109 20.639 21.551 20.059 18.701 17.917 18.018 19.881 21.253 20.592 19.488 19.654 18.078 16.120 15.511 17.172 14.322 14.289 15.862 19.351 22.914 25.187 25.118 25.417 25.807 24.387 23.321 19.614 22.222 23.570 24.477 24.431 25.095 25.008 21.780 18.189 19.736 21.421 16.290 17.324 20.055 22.353 22.547 23.934 25.113 23.738 23.296
23.058 21.816 21.258 19.830 18.789 18.573 17.824 16.787 15.912 17.005 16.763 15.254 14.333 14.210 15.371 15.032 15.164 14.752 16.241 15.481 17.524 16.859 17.872 19.499 19.038 20.547 21.181 19.046 18.099 16.693 17.345 18.554 19.564 18.057 17.127 15.869 12.839 12.585 16.188 14.253 12.134 13.073 15.728 18.835 22.654 24.830 25.371 25.946 23.986 21.167 20.746 18.654 20.856 23.353 24.944 25.052 24.885 25.764 25.785 23.864 22.847 24.606 23.029 22.080 23.425 24.411 24.230 24.810 23.249 21.399 21.594
22.712 22.814 22.073 20.457 20.616 19.224 18.261 17.053 17.533 16.699 15.692 14.280 16.123 15.620 16.506 15.547 16.730 15.255 17.113 18.140 18.408 18.368 19.358 19.147 19.761 21.091 20.729 18.256 17.544 16.465 15.519 18.289 18.023 14.497 14.116 10.429 10.690 13.178 14.939 12.044 6.134 10.656 15.180 19.238 22.607 23.564 24.510 26.268 21.611 19.706 19.631 22.759 23.508 24.268 24.724 25.191 25.204 25.185 25.166 25.146 25.132 25.416 25.356 24.996 24.328 21.316 22.277 25.887 24.010 15.807 11.737
21.114 22.470 23.072 22.126 19.918 19.377 18.491 18.269 17.866 17.300 14.930 16.394 17.186 17.229 18.125 16.958 16.614 15.359 15.190 17.508 18.408 19.328 17.929 19.879 21.423 20.198 20.044 18.771 17.610 16.370 14.165 16.446 16.582 13.378 12.416 9.956 11.050 12.423 7.161 5.028 4.667 7.906 13.141 18.665 20.076 22.235 25.104 25.445 20.398 23.061 23.685 23.619 24.831 25.336 24.812 24.168 24.390 24.847 25.140 25.350 25.727 25.396 24.421 22.053 19.433 17.631 22.455 25.374 21.924 9.853 6.656
20.033 21.971 22.700 21.082 20.272 20.294 18.197 19.385 17.869 17.923 16.981 16.082 17.923 18.216 18.880 17.371 16.413 16.566 17.029 17.074 16.737 17.675 19.769 21.040 20.559 19.499 19.501 19.326 18.921 16.719 15.626 13.482 13.991 9.307 6.151 8.159 7.093 7.934 6.914 8.010 6.198 10.079 16.828 22.783 24.821 23.547 23.614 25.985 24.671 23.233 24.969 24.922 24.232 23.713 20.356 20.368 23.416 24.490 24.296 24.144 23.424 21.096 19.917 18.920 17.704 17.610 21.470 25.302 21.741 10.693 5.174
19.695 21.406 23.066 20.866 20.054 19.538 20.299 18.377 19.266 18.475 17.698 17.342 18.800 19.538 18.806 17.325 16.653 16.455 16.586 16.605 17.975 19.270 20.702 21.169 19.042 17.346 15.445 16.231 17.533 16.488 16.846 15.331 8.832 8.655 9.765 11.260 11.839 12.669 10.648 11.667 11.380 16.358 21.110 24.671 24.973 22.142 24.634 24.492 24.021 24.123 24.575 24.220 22.424 18.876 12.146 17.663 20.050 19.488 19.412 19.155 20.509 19.490 17.571 14.137 14.010 16.740 22.448 25.715 26.555 20.054 12.888
18.938 21.184 22.481 21.249 21.419 20.781 20.347 19.887 20.228 18.104 18.702 18.592 18.879 17.929 16.561 15.727 15.819 16.865 17.671 18.055 18.738 20.185 21.598 20.401 17.260 15.536 14.070 16.269 15.650 14.512 14.720 15.642 11.104 8.252 9.165 10.713 11.323 13.506 16.384 17.051 19.024 20.531 24.053 25.081 22.140 24.368 23.974 21.626 20.860 20.398 22.078 24.270 20.272 11.116 11.662 13.378 16.347 14.245 12.829 12.330 16.032 11.722 8.976 4.287 12.142 18.840 23.261 25.729 26.267 19.092 14.919
19.227 20.741 22.739 22.484 21.700 21.464 20.842 21.200 20.199 18.020 19.414 19.256 19.529 17.478 17.045 15.515 15.942 17.578 18.157 19.317 20.310 20.692 21.209 18.128 14.079 11.653 14.852 15.039 14.357 9.636 8.292 16.267 13.285 9.367 7.623 8.682 9.948 12.337 16.538 19.996 21.563 23.623 24.908 23.998 23.846 24.383 21.004 13.412 12.751 12.462 19.816 24.437 19.753 13.658 10.077 10.366 12.364 9.208 9.239 11.422 15.886 12.642 8.984 8.233 13.420 20.482 23.843 25.649 22.519 12.981 8.357
20.403 21.835 21.773 20.676 20.881 20.936 21.156 21.191 20.548 18.721 19.555 18.913 18.448 17.551 15.298 15.313 17.086 18.272 19.758 20.436 19.936 18.726 20.829 16.319 12.460 13.135 13.988 14.072 11.966 12.154 13.639 12.621 9.076 9.517 11.402 11.744 13.387 14.638 15.552 18.610 22.355 24.193 25.394 23.793 23.241 22.927 13.561 7.633 11.934 14.130 18.563 24.556 23.566 16.902 9.382 7.392 12.221 9.700 6.579 10.750 11.523 9.632 3.293 3.592 15.566 19.774 23.223 25.145 21.531 15.004 3.882
21.154 21.832 21.290 20.597 19.740 19.001 20.016 21.334 21.786 20.587 18.758 20.923 17.972 17.717 16.626 15.785 18.157 19.622 19.850 18.708 17.527 17.242 19.760 16.850 12.868 12.887 11.312 8.176 12.241 10.839 12.691 7.273 10.436 12.440 11.504 11.702 11.238 9.721 13.843 19.161 22.509 24.635 24.230 23.866 23.247 22.145 17.148 11.339 13.471 15.847 17.963 23.048 20.155 16.675 14.292 9.811 7.423 5.544 1.615 4.627 3.606 8.346 12.769 11.755 11.531 16.446 22.564 25.767 26.115 20.801 17.037
21.154 21.435 21.557 20.528 19.980 17.554 18.150 19.352 20.332 19.998 20.683 19.911 17.523 16.525 17.135 17.779 19.001 19.543 19.564 16.432 12.674 13.308 18.886 15.402 14.535 9.865 5.929 9.629 6.367 10.081 11.357 9.393 10.948 9.145 7.950 9.189 9.716 12.192 15.801 19.347 23.464 24.431 24.011 23.863 22.545 19.228 14.935 11.835 13.044 12.095 15.130 23.626 18.690 10.182 9.325 7.509 3.791 2.245 2.351 5.874 10.247 14.433 15.366 16.822 17.410 14.500 20.755 25.062 26.252 22.306 14.722
20.474 19.883 20.164 21.128 20.391 18.856 17.486 17.922 19.796 18.720 16.945 18.552 20.759 19.396 18.172 19.068 19.339 18.963 16.388 9.347 11.454 14.951 18.591 17.788 12.824 6.721 7.550 5.805 7.008 9.100 8.838 10.963 9.940 8.263 10.641 11.739 12.158 14.645 17.463 21.278 24.327 24.830 23.959 23.216 21.690 15.643 11.268 10.977 9.517 10.600 16.974 22.525 16.615 8.990 6.156 3.313 2.506 4.823 6.733 7.857 11.831 13.321 10.281 13.798 9.892 14.378 20.243 24.674 25.294 21.596 12.421
21.052 19.360 18.224 20.170 21.487 21.128 18.386 17.116 18.073 16.562 15.747 17.304 18.975 18.970 20.176 18.987 18.842 17.250 12.413 8.714 12.044 14.789 18.318 17.293 9.051 9.327 3.574 5.326 5.133 9.065 9.918 9.462 7.928 10.976 12.665 14.604 16.015 17.149 19.614 23.061 24.782 24.470 23.281 21.999 19.941 14.355 6.673 8.414 10.506 13.625 19.761 21.267 20.714 16.134 11.991 5.474 3.366 2.640 6.245 6.487 10.300 10.553 6.323 13.384 9.368 11.111 17.079 23.233 25.647 25.470 19.181
19.795 19.205 17.436 17.663 20.081 20.387 17.992 16.559 16.652 15.673 15.028 15.315 17.261 18.552 20.162 19.343 17.778 14.047 9.031 9.432 10.373 14.043 18.433 16.811 10.176 10.600 6.085 7.224 6.370 9.060 11.900 11.958 10.822 12.730 14.723 16.609 18.380 19.475 22.187 24.357 24.959 23.986 22.468 21.283 18.152 11.427 4.860 7.029 9.512 15.666 21.438 19.248 16.971 18.462 15.137 10.001 6.878 1.901 1.966 4.523 12.429 9.040 6.679 12.299 6.371 3.224 13.327 21.187 23.801 25.757 25.423
17.639 17.980 17.332 17.452 19.170 21.255 20.809 18.635 17.758 16.531 14.927 16.078 16.617 18.640 19.900 19.354 14.606 11.013 11.593 11.978 13.480 14.972 17.518 15.575 10.954 12.951 11.134 9.085 7.073 8.271 8.022 10.571 14.361 15.527 17.389 19.296 20.225 22.703 23.944 25.083 24.264 23.124 21.787 18.990 12.253 6.403 3.225 6.529 10.866 18.309 22.628 19.919 13.392 13.255 8.381 3.448 2.137 1.992 4.886 7.448 9.701 4.470 3.383 6.458 4.957 1.679 11.321 16.884 21.442 24.412 25.402
16.555 18.591 18.205 18.144 19.062 20.966 21.352 20.253 17.053 16.507 14.091 15.791 17.325 18.252 20.380 19.797 15.581 14.250 13.958 12.553 12.498 12.692 17.083 18.409 16.224 13.150 10.403 8.536 7.532 9.044 9.001 11.213 14.770 17.553 20.666 22.415 23.646 24.113 25.106 25.338 24.143 21.235 18.670 14.030 9.714 9.932 4.249 6.064 13.672 20.673 21.370 13.808 5.464 4.840 6.613 5.271 1.641 2.018 2.276 2.728 6.211 2.337 8.022 3.222 2.512 8.664 11.801 9.846 18.790 23.888 25.214
17.614 18.394 20.382 19.995 19.811 19.385 20.029 19.271 17.656 16.936 15.891 14.669 16.102 18.237 18.936 14.920 14.012 13.284 13.988 12.878 9.068 9.596 16.515 17.209 12.471 12.440 8.324 9.427 10.346 9.563 11.645 13.615 16.276 20.081 22.707 24.091 24.848 25.625 25.007 24.022 21.542 15.563 17.058 18.006 16.149 12.110 3.063 9.337 14.284 20.793 16.554 8.979 3.096 5.261 4.909 2.922 4.477 8.826 4.466 5.543 2.139 3.279 8.508 8.476 5.807 9.287 6.834 11.081 15.879 22.234 26.003
17.883 19.297 18.934 18.199 18.408 18.400 19.946 19.941 17.795 15.877 16.089 14.605 15.345 19.125 18.385 11.462 11.530 13.102 11.066 7.655 7.191 11.194 16.310 15.571 8.239 10.740 9.266 7.931 11.337 12.039 14.458 16.525 18.831 21.865 23.948 24.965 25.730 25.097 22.164 20.132 15.685 11.819 8.897 15.253 18.932 13.335 7.114 10.215 12.973 19.097 18.234 8.770 3.305 2.087 2.186 2.682 2.469 2.715 4.218 10.126 9.560 5.585 9.212 9.554 5.168 5.389 7.933 8.912 14.400 21.748 25.944
17.951 19.488 18.931 16.100 16.804 17.082 18.778 18.350 19.266 17.272 14.281 14.081 17.726 16.771 14.128 13.852 11.810 11.000 8.459 5.276 9.775 12.196 15.778 12.840 6.723 8.438 7.049 9.026 11.661 14.713 15.441 15.904 19.851 22.970 24.583 25.767 25.170 21.575 17.307 14.834 10.216 4.287 10.646 16.772 17.267 11.328 4.588 6.108 4.734 17.497 18.313 12.172 6.894 6.092 11.213 4.495 1.556 3.397 6.795 6.284 2.452 1.937 5.266 1.532 4.955 9.357 9.200 11.175 13.624 18.606 24.541
17.499 19.005 17.763 16.664 16.179 16.579 17.955 19.118 17.539 16.783 16.733 17.441 16.710 13.752 12.858 13.557 12.079 9.231 3.800 7.507 10.571 12.945 15.744 13.043 8.193 5.714 8.518 10.466 12.442 12.229 13.455 16.230 19.818 22.624 24.188 25.819 20.212 16.207 9.729 8.984 4.614 6.658 11.072 16.478 14.121 6.118 1.646 1.802 5.601 14.498 16.119 13.511 10.663 11.424 13.809 5.829 1.905 5.338 5.813 2.617 4.789 3.245 1.600 3.125 4.578 2.345 1.657 4.298 10.144 18.075 24.541
17.644 18.233 19.346 18.102 17.014 16.065 15.922 17.164 18.810 18.184 18.377 18.147 15.665 15.838 14.864 13.800 12.576 5.846 5.221 8.645 11.424 13.878 13.918 15.590 13.924 9.939 7.533 9.284 10.968 11.417 11.764 13.809 17.699 19.418 24.225 23.823 14.413 17.520 10.905 4.268 3.639 9.039 10.845 16.303 11.605 2.006 3.272 5.822 8.436 12.167 17.080 16.581 15.635 14.917 11.120 2.674 1.936 4.078 4.561 2.051 5.990 1.366 3.944 6.843 8.185 3.174 7.283 9.501 13.652 17.138 21.119
18.634 18.422 18.758 18.411 17.547 17.035 15.079 15.353 16.961 17.351 17.712 18.837 18.168 17.486 17.448 16.924 14.029 4.938 5.448 10.181 12.508 12.244 11.836 12.307 14.320 13.852 10.944 10.202 8.477 6.081 7.628 11.823 12.531 17.396 22.251 17.475 6.931 14.147 14.309 7.804 4.529 5.261 13.332 15.805 9.683 1.732 6.425 3.953 8.314 11.817 13.165 13.124 13.972 16.394 15.812 9.981 6.409 4.049 1.859 7.192 2.111 8.194 12.370 3.133 5.129 7.430 10.827 13.755 12.440 11.855 16.667
19.022 18.836 18.291 17.522 15.739 14.562 13.119 13.260 12.491 14.212 15.857 15.422 16.072 16.347 16.756 17.992 16.723 12.275 11.585 13.190 12.553 11.816 9.943 10.472 11.717 12.570 12.916 10.670 8.028 2.914 7.812 9.061 12.343 18.825 21.841 15.595 8.187 12.766 15.445 6.210 5.891 8.624 13.445 14.161 9.402 4.487 1.467 7.495 3.043 8.296 5.722 12.316 11.446 10.530 12.799 14.431 8.793 4.581 6.744 9.579 4.692 14.756 2.406 4.149 3.342 2.922 3.195 6.859 2.416 7.281 12.300
19.625 18.523 17.385 15.694 14.784 15.423 12.904 13.798 14.539 14.981 13.978 13.200 12.379 11.502 12.687 12.011 12.643 14.743 14.788 13.801 10.994 12.195 9.644 8.034 6.216 6.233 7.452 5.322 4.536 2.701 5.394 8.742 14.008 20.240 20.882 13.981 5.432 12.701 8.761 6.906 3.059 8.940 11.380 12.634 6.039 1.964 4.285 5.138 7.827 5.406 5.789 4.779 5.191 1.472 5.566 7.177 13.724 13.062 11.376 6.967 2.085 8.095 8.350 3.234 1.097 1.365 2.808 4.833 3.627 2.842 10.073
18.630 17.640 17.472 17.789 17.147 17.071 17.134 15.841 15.685 15.331 12.376 7.353 4.986 4.174 5.294 7.431 11.362 15.269 14.507 10.815 9.753 8.251 3.278 3.092 2.373 2.413 2.166 3.487 2.552 5.838 7.043 12.193 18.229 21.659 20.847 13.815 7.113 11.033 4.099 4.204 1.724 7.616 6.431 5.813 2.424 1.690 1.780 1.881 2.649 5.231 1.615 2.681 1.493 5.060 8.112 4.004 5.947 7.836 1.617 4.559 8.709 11.917 10.859 11.777 13.509 10.289 3.878 1.361 4.337 1.828 4.375
20.172 19.638 18.026 17.141 15.850 15.944 13.852 15.475 16.181 14.515 5.893 5.706 5.112 5.850 5.944 9.458 12.046 14.205 11.801 8.693 4.586 5.769 8.352 8.474 7.187 7.988 10.249 9.683 7.687 6.756 10.734 15.169 18.760 21.481 16.111 8.745 8.017 9.947 5.354 1.726 4.689 4.175 2.775 1.840 2.609 2.978 4.581 4.955 4.335 2.859 1.398 3.668 3.303 7.496 15.244 1.800 3.356 2.595 5.451 11.052 9.552 8.966 14.203 3.258 5.219 7.802 6.258 6.695 4.062 8.108 9.646
18.371 18.365 16.637 15.558 14.797 13.487 12.245 13.685 11.829 14.101 8.791 9.172 8.657 8.244 10.238 10.287 10.923 13.595 7.848 4.479 7.086 10.828 12.103 14.698 15.604 14.357 15.877 15.334 13.432 8.868 9.806 13.213 18.856 19.433 12.831 5.237 3.866 3.820 7.535 2.129 2.692 2.315 3.870 3.291 2.091 4.850 7.806 3.650 2.165 2.079 4.577 10.743 7.680 5.861 5.357 10.206 9.097 11.394 9.537 2.787 3.029 3.644 12.562 3.186 1.392 9.456 2.552 3.573 4.834 8.919 13.948
17.292 17.204 17.152 13.880 13.763 12.675 9.577 10.588 6.921 9.576 9.926 12.177 7.728 8.498 9.734 11.527 12.379 9.742 5.391 10.480 14.036 18.639 20.067 20.723 20.587 21.409 20.462 20.628 20.157 16.440 13.058 14.886 17.477 15.008 13.510 11.817 9.293 6.568 4.110 2.649 2.402 4.702 2.310 1.751 5.069 10.486 3.683 1.502 6.123 13.377 7.932 3.113 5.243 2.571 4.705 12.504 2.472 6.737 2.313 2.580 1.910 7.944 6.472 3.948 4.922 2.507 2.274 3.043 4.421 10.670 18.562
