tests/2D_interpolations/2009-01-19T12.00_HNW_ref.asc
ncols               386
nrows               229
xllcorner    479497.492
yllcorner     73502.967
cellsize       1000.000
NODATA_value -999
[rows 132 to 164 of 229, columns 146 to 218 of 386]
0.386 0.386 0.386 0.388 0.393 0.392 0.393 0.396 0.396 0.437 0.518 0.712 0.885 1.304 1.481 1.340 1.554 1.508 1.626 1.570 1.399 1.696 1.678 1.672 1.474 1.462 1.349 1.083 0.976 0.949 1.510 1.799 0.901 0.581 0.944 1.074 0.556 0.894 1.035 1.455 1.377 1.655 1.804 1.686 1.583 1.451 1.769 2.076 1.982 1.736 1.761 1.863 2.017 2.004 1.809 1.560 1.264 1.652 1.578 1.444 1.313 1.252 0.900 1.036 1.445 1.548 1.952 1.790 1.740 1.714 1.689 1.538 1.254
0.386 0.386 0.386 0.386 0.387 0.499 0.401 0.401 0.401 0.599 0.650 0.953 1.309 1.486 1.473 1.544 1.724 1.732 1.644 1.612 1.678 1.680 1.501 1.586 1.411 1.275 1.154 1.134 1.237 1.259 1.308 1.637 0.802 0.743 1.237 1.270 0.821 0.615 0.700 1.044 1.243 1.460 1.904 1.953 1.796 1.688 1.813 2.033 2.216 1.877 1.449 1.513 1.763 1.981 1.923 1.610 1.459 1.195 1.397 1.084 0.908 0.799 0.775 1.055 1.371 1.669 1.720 1.658 1.524 1.527 1.376 1.471 1.281
0.386 0.386 0.422 0.386 0.494 0.751 0.452 0.408 0.713 0.982 1.073 1.358 1.330 1.334 1.487 1.561 1.530 1.489 1.772 1.576 1.441 1.501 1.372 1.277 1.289 1.275 1.126 1.314 1.943 1.496 1.659 1.440 0.951 0.839 1.446 1.539 1.216 1.048 0.713 0.731 0.937 1.433 1.559 1.913 2.000 2.004 1.922 2.082 2.118 1.932 1.764 1.456 1.366 1.699 1.645 1.567 1.384 1.246 0.941 0.992 1.096 1.262 0.999 1.319 1.565 1.574 1.435 1.421 1.540 1.440 1.475 1.189 1.045
0.418 0.526 0.567 0.611 1.075 0.722 0.596 0.415 0.628 1.124 1.396 1.201 1.089 1.183 1.263 1.273 1.324 1.377 1.378 1.315 1.422 1.197 1.147 1.153 1.253 1.365 1.509 1.725 1.960 1.869 1.850 1.467 1.228 0.939 1.590 1.944 1.630 1.203 0.945 0.798 0.809 1.180 1.766 1.905 2.056 2.199 1.997 2.151 2.312 2.441 1.990 1.725 1.554 1.241 1.290 1.296 1.085 1.105 1.346 1.424 1.519 1.340 0.962 1.356 1.463 1.337 1.467 1.721 1.731 1.319 1.185 1.121 1.389
0.664 0.676 0.840 1.197 0.937 0.725 0.974 0.533 0.466 0.713 0.961 0.818 0.814 0.858 0.864 0.818 1.146 1.108 1.028 1.066 1.173 1.023 1.010 1.004 1.142 1.854 2.118 2.118 2.076 2.098 1.795 1.590 1.319 1.037 1.155 1.529 1.865 1.542 1.439 1.326 0.816 1.280 1.741 1.680 1.975 2.215 2.075 2.124 2.220 2.410 2.130 1.808 1.538 1.366 1.389 1.385 1.534 1.624 1.758 1.771 1.519 1.223 0.990 1.112 1.196 1.421 1.620 1.929 1.746 1.474 1.506 1.420 1.479
0.873 0.821 1.169 1.093 0.790 1.025 1.254 1.085 0.740 0.449 0.495 0.471 0.507 0.518 0.588 0.623 0.624 0.721 0.808 0.965 0.916 0.868 0.872 0.913 1.453 1.985 2.357 2.393 2.289 2.169 2.075 1.901 1.632 1.572 1.597 1.287 1.713 2.123 1.633 1.354 0.868 1.248 1.578 1.612 1.866 2.209 2.274 2.056 2.142 2.343 2.049 1.754 1.522 1.801 1.679 1.863 1.988 1.810 1.772 1.522 1.371 1.013 0.995 1.092 1.057 1.152 1.532 1.730 1.731 1.562 1.747 1.537 1.465
1.088 1.174 1.287 1.008 0.852 1.256 1.275 1.322 1.156 0.788 0.564 0.884 1.071 1.025 0.917 1.023 1.034 0.771 0.645 0.700 0.763 0.718 0.761 1.001 1.294 1.669 2.058 2.303 2.381 2.134 1.938 1.980 1.889 1.709 1.413 1.488 1.759 1.904 1.592 1.585 1.010 1.108 1.696 1.562 1.777 2.003 2.046 2.008 1.986 2.221 2.271 1.942 1.988 1.990 1.848 1.921 1.815 1.513 1.390 1.288 1.070 1.034 1.207 1.447 1.482 1.347 1.149 1.591 1.953 1.765 1.489 1.573 1.378
0.998 1.377 1.183 1.115 1.045 1.471 1.507 1.321 1.039 0.750 0.745 1.106 1.486 1.417 1.277 1.189 1.011 0.823 0.731 0.688 0.670 0.815 1.376 1.638 1.472 1.456 1.956 2.153 2.339 2.089 1.929 1.815 1.801 1.670 1.515 1.666 2.078 1.882 1.577 1.240 1.180 1.121 1.280 1.329 1.674 1.934 1.871 1.919 1.952 2.388 2.020 1.903 1.842 1.667 1.634 1.602 1.471 1.327 1.073 1.038 1.175 1.139 1.468 1.705 1.761 1.593 1.341 1.352 1.635 1.760 1.615 1.745 1.410
1.268 1.094 1.403 1.192 1.124 1.601 1.525 1.310 0.937 0.810 0.669 0.900 1.174 1.496 1.391 1.211 1.076 0.946 0.913 0.938 1.028 0.851 1.521 2.058 1.963 1.997 1.955 2.095 2.144 2.261 1.997 1.820 1.624 1.541 1.645 1.817 1.880 1.657 1.525 1.479 1.322 0.978 1.327 1.766 1.764 2.092 1.806 1.835 2.030 2.160 2.059 1.822 1.689 1.760 1.579 1.294 1.110 1.056 1.171 1.415 1.294 1.279 1.686 1.768 2.038 1.851 1.682 1.377 1.565 1.828 1.642 1.898 1.458
1.344 1.177 1.278 1.671 1.547 1.602 1.306 1.215 1.283 0.877 0.541 0.872 1.024 1.662 1.485 1.270 1.164 1.121 1.184 1.272 1.658 1.143 1.212 1.746 1.847 2.261 2.238 2.243 1.929 1.927 2.268 1.916 1.792 1.872 1.759 1.977 1.818 1.793 1.717 1.754 1.638 1.299 1.119 1.585 1.859 2.062 1.754 1.831 2.042 1.899 1.769 1.746 1.507 1.579 1.386 1.125 1.166 1.404 1.507 1.594 1.222 1.343 1.716 1.923 1.957 1.698 1.667 1.493 1.518 1.648 1.781 1.989 1.558
1.335 1.386 1.561 1.808 1.715 1.735 1.270 1.582 1.278 1.036 0.553 0.913 1.111 1.663 1.446 1.274 1.297 1.384 1.560 1.870 1.840 1.190 1.136 1.265 1.658 2.139 2.732 2.510 2.090 1.804 1.878 2.216 2.088 2.125 2.074 2.029 1.970 1.844 1.623 1.581 1.582 1.397 1.223 1.421 1.785 1.948 1.645 1.648 1.957 1.781 1.620 1.450 1.335 1.266 1.311 1.131 1.419 1.589 1.736 1.628 1.256 1.704 1.493 1.672 1.935 1.732 1.555 1.493 1.607 1.749 1.849 2.044 1.632
1.396 1.473 1.393 1.802 1.739 1.473 1.521 1.582 1.257 1.102 0.581 1.016 1.231 1.477 1.403 1.425 1.559 1.864 2.500 2.105 1.926 1.569 1.344 1.516 1.644 1.811 2.276 2.543 2.295 1.859 1.726 1.789 1.960 1.945 1.995 1.923 1.896 2.008 1.831 1.751 1.760 1.666 1.275 1.305 1.790 1.747 1.579 1.690 1.775 1.754 1.487 1.595 1.631 1.597 1.477 1.207 1.608 1.789 1.635 1.528 1.360 1.703 1.848 1.788 1.991 1.955 1.715 1.614 1.852 1.654 1.823 1.858 1.822
1.067 1.201 1.342 1.534 1.644 1.564 1.780 1.656 1.487 1.218 0.567 1.115 1.201 1.248 1.370 1.552 1.963 2.373 2.127 1.915 1.819 1.703 1.680 1.945 1.783 1.805 2.196 2.056 2.273 2.108 1.825 1.656 1.620 1.586 1.656 1.476 1.457 1.447 1.679 1.706 1.493 1.322 1.322 1.351 1.703 1.353 1.237 1.436 1.455 1.757 1.688 1.886 1.805 1.667 1.335 1.368 1.622 1.802 1.656 1.500 1.403 1.654 1.769 1.622 1.696 1.829 1.767 1.829 1.553 1.397 1.800 1.662 1.687
1.156 1.149 1.405 1.754 1.703 1.842 1.772 1.393 1.267 1.169 0.585 1.136 1.044 1.155 1.421 1.802 2.113 2.530 2.450 2.428 2.199 2.008 1.846 2.268 1.984 1.832 2.086 2.057 1.935 2.275 1.979 1.680 1.851 1.577 1.530 1.548 1.500 1.498 1.322 1.322 1.443 1.668 1.669 1.495 1.311 1.323 1.559 1.690 1.727 1.797 1.890 1.783 1.574 1.459 1.561 1.470 1.747 1.750 1.477 1.629 1.458 1.567 1.668 1.606 1.741 1.718 1.519 1.303 1.317 1.564 1.502 1.757 1.526
1.524 1.800 1.768 1.819 1.742 1.827 1.411 1.373 1.283 0.974 0.783 1.703 1.587 1.781 1.853 1.981 2.266 2.521 2.556 2.362 2.392 2.562 2.631 2.566 2.390 2.223 2.219 2.369 1.893 1.824 1.744 1.751 2.084 1.819 1.915 1.926 1.990 1.823 1.596 1.674 1.637 1.885 1.661 1.536 1.359 1.225 1.387 1.705 1.977 1.892 1.894 1.648 1.689 1.764 1.840 1.679 1.657 1.787 1.692 1.684 1.495 1.412 1.536 1.619 1.615 1.432 1.295 1.131 1.453 1.554 1.405 1.328 1.356
1.180 1.649 1.866 1.850 1.487 1.411 1.436 1.398 1.027 0.896 0.773 1.481 1.865 2.344 2.323 2.451 2.342 2.368 2.480 2.417 2.301 2.359 2.554 2.326 2.382 2.479 2.599 2.247 2.015 1.806 1.927 2.288 2.268 2.036 1.955 1.811 1.600 1.594 1.649 1.919 1.825 1.702 1.511 1.344 1.159 1.025 1.493 1.622 1.740 1.880 1.948 1.874 1.893 1.930 1.756 1.667 1.696 1.953 1.734 1.753 1.582 1.236 1.259 1.407 1.223 1.150 0.955 1.216 1.460 1.297 1.281 1.328 1.422
1.113 1.404 1.605 1.716 1.565 1.339 1.100 0.955 1.108 1.173 0.736 1.390 1.854 2.184 2.788 2.449 2.249 2.189 2.384 2.460 2.250 2.242 2.422 2.533 2.194 2.226 2.558 2.715 2.320 2.230 2.012 2.209 1.975 1.816 1.750 1.756 1.803 1.885 1.896 1.797 1.608 1.530 1.399 1.107 0.948 1.095 1.151 1.389 1.773 1.716 1.627 1.926 1.951 2.004 1.969 1.786 1.679 1.697 1.519 1.462 1.452 1.279 1.030 0.899 0.846 0.850 1.035 1.284 1.429 1.175 1.286 1.454 1.504
1.358 1.172 1.579 1.986 1.577 1.088 1.462 1.339 1.370 1.145 0.912 1.218 1.729 1.952 2.070 2.545 2.236 2.074 2.037 2.117 2.232 2.195 2.373 2.503 2.409 2.131 2.293 2.329 2.304 2.190 2.175 2.142 2.059 2.037 1.983 1.997 1.930 1.915 1.696 1.560 1.524 1.407 1.102 0.940 1.059 1.232 1.261 1.256 1.355 1.370 1.960 1.776 1.714 1.922 1.990 1.562 1.591 1.388 1.324 1.158 0.996 0.877 0.868 0.861 0.904 0.810 0.757 0.913 0.969 0.863 0.968 1.005 1.108
1.511 1.378 1.723 2.093 1.783 1.445 1.713 1.774 1.275 0.977 1.196 1.605 1.892 1.951 1.990 2.526 2.466 2.225 1.998 1.963 1.985 2.114 2.393 2.297 2.201 2.080 2.033 1.976 2.178 2.149 2.092 2.192 2.200 1.957 1.800 1.465 1.779 1.554 1.704 1.378 1.235 1.074 0.942 1.047 1.323 1.566 1.427 1.324 1.533 1.298 1.709 1.588 1.868 2.013 1.716 1.474 1.316 1.140 0.964 0.937 1.088 1.162 1.231 1.233 1.183 1.108 0.978 0.982 0.810 0.696 0.686 0.678 0.810
2.024 1.572 1.519 1.814 2.053 2.092 1.919 1.285 1.261 1.207 1.381 1.797 2.145 2.554 2.596 2.562 2.187 2.315 2.134 1.930 1.927 2.147 2.024 2.147 2.447 2.231 2.028 1.955 1.916 1.926 2.030 2.381 2.102 2.098 1.928 1.511 1.364 1.628 1.244 1.174 0.984 0.934 1.079 1.308 1.519 1.642 1.730 1.652 1.647 1.637 1.488 1.772 1.907 1.760 1.580 1.285 1.007 1.005 1.189 1.195 1.335 1.344 1.420 1.430 1.488 1.230 1.232 1.134 1.253 1.071 0.974 0.864 0.703
2.144 2.018 1.934 1.932 1.825 1.747 1.643 1.482 1.505 1.568 1.793 2.093 2.578 2.492 2.463 2.290 2.101 2.055 1.953 1.922 1.897 1.887 2.080 2.523 2.585 2.288 2.242 2.177 1.814 1.966 2.283 1.997 2.043 1.760 1.865 1.699 1.263 1.320 1.126 0.939 0.935 1.083 1.097 1.202 1.302 1.737 1.797 1.960 1.709 1.753 1.882 1.954 1.769 1.405 1.254 1.035 1.164 1.342 1.477 1.313 1.617 1.643 1.693 1.575 1.646 1.530 1.524 1.364 1.368 1.355 1.336 1.346 1.152
2.286 2.269 1.996 1.933 1.869 1.869 2.054 1.647 1.682 1.791 2.051 2.491 2.499 2.437 2.278 2.194 2.118 2.036 1.977 1.937 1.883 1.846 1.851 2.094 2.289 2.528 2.331 2.052 1.771 1.833 2.217 1.839 2.034 1.687 1.639 1.617 1.396 1.065 0.971 0.950 1.170 1.372 1.513 1.536 1.350 1.310 1.807 1.808 1.782 1.778 1.755 1.627 1.469 1.270 1.086 1.244 1.284 1.623 1.767 1.507 1.728 1.603 1.454 1.257 1.219 1.324 1.566 1.462 1.494 1.571 1.506 1.759 1.463
2.029 1.828 1.865 1.928 2.039 2.168 2.110 2.064 2.203 2.299 2.286 2.166 2.195 2.435 2.302 2.158 2.085 2.060 2.188 2.385 1.963 1.799 1.766 1.776 2.161 2.403 2.218 1.919 1.543 1.775 1.993 1.704 1.646 1.726 1.300 1.304 1.093 0.920 1.002 1.157 1.422 1.528 1.738 1.703 1.621 1.343 1.535 1.744 1.639 1.569 1.535 1.489 1.269 1.223 1.357 1.556 1.519 1.647 1.704 1.587 1.642 1.599 1.503 1.432 1.376 1.133 1.101 1.416 1.518 1.719 1.785 1.643 1.385
1.737 1.781 1.954 2.052 2.133 2.155 2.139 2.106 2.111 1.870 2.013 2.077 2.069 2.105 2.124 2.233 2.289 2.638 2.320 2.374 2.240 1.922 1.742 1.722 1.930 2.143 1.747 1.777 1.480 1.927 1.969 1.815 1.468 1.470 1.332 0.994 0.926 0.953 1.199 1.429 1.498 1.768 1.825 1.751 1.488 1.407 1.535 1.776 1.811 1.581 1.445 1.422 1.421 1.482 1.613 1.705 1.778 1.780 1.823 1.829 1.678 1.678 1.684 1.710 1.535 1.436 1.121 1.080 1.455 1.455 1.609 1.579 1.496
1.660 1.907 2.123 2.175 2.120 2.056 1.873 1.826 2.020 1.574 1.980 1.894 1.859 1.939 2.317 2.254 2.475 2.540 2.185 2.033 2.387 2.044 1.703 1.706 1.857 2.015 1.737 1.329 1.522 1.985 1.799 1.692 1.514 1.153 1.036 0.916 0.961 1.048 1.328 1.683 1.392 1.723 1.800 1.617 1.806 1.745 1.681 1.735 1.689 1.788 -999.000 -999.000 1.606 1.634 1.758 1.698 1.661 1.675 1.915 1.698 1.545 1.547 1.429 1.512 1.708 1.465 1.445 1.173 1.072 1.397 1.295 1.594 1.772
1.903 2.139 2.131 2.056 1.829 2.016 1.708 1.620 1.841 1.581 1.646 1.630 1.836 2.358 2.188 1.985 2.280 2.486 2.138 1.843 1.840 2.216 1.753 1.666 1.728 1.859 1.698 1.295 1.485 1.766 1.706 1.418 1.279 1.035 0.886 0.976 1.173 1.162 1.494 1.661 1.621 1.687 1.907 1.981 1.798 1.690 -999.000 -999.000 -999.000 -999.000 -999.000 -999.000 -999.000 1.917 1.850 1.661 1.663 1.538 1.664 1.803 1.786 1.556 1.253 1.257 1.656 1.708 1.537 1.281 0.916 1.139 1.565 1.595 1.635
2.195 2.099 1.861 1.883 1.821 1.616 1.613 1.638 1.445 1.379 1.468 1.761 2.105 2.344 2.259 1.879 1.986 2.231 2.243 2.002 1.745 1.728 1.733 1.634 1.702 1.722 1.641 1.197 1.152 1.404 1.578 1.304 1.012 0.875 1.001 1.120 1.537 1.499 1.242 1.698 1.905 1.876 1.982 1.868 -999.000 -999.000 -999.000 -999.000 -999.000 -999.000 -999.000 -999.000 -999.000 1.969 1.754 1.661 1.456 1.354 1.593 1.849 1.713 1.512 1.472 1.079 1.506 1.617 1.250 1.177 0.900 1.201 1.461 1.649 1.966
2.005 1.886 1.625 1.489 1.591 1.443 1.346 1.269 1.311 1.489 1.702 2.071 2.051 2.072 2.088 1.795 1.922 2.263 2.378 2.204 2.177 1.762 1.553 1.596 1.756 1.708 1.642 1.178 0.902 1.178 1.325 1.080 0.853 0.989 1.279 1.538 1.593 1.701 1.325 1.571 1.815 2.132 2.089 2.039 -999.000 -999.000 -999.000 -999.000 -999.000 -999.000 -999.000 -999.000 -999.000 1.703 1.573 1.543 1.357 1.123 1.567 1.857 1.633 1.320 1.195 0.865 1.440 1.633 1.353 1.138 0.810 1.180 1.387 1.613 1.821
1.796 1.679 1.566 1.354 1.271 1.130 1.228 1.448 1.746 1.816 2.149 1.978 1.884 1.834 1.955 1.754 2.018 2.399 2.200 2.006 1.939 1.503 1.517 1.547 1.822 1.771 1.569 1.178 0.800 0.980 1.098 0.826 1.078 1.292 1.533 1.642 1.685 1.809 1.539 1.420 1.918 -999.000 -999.000 -999.000 -999.000 -999.000 -999.000 -999.000 -999.000 -999.000 -999.000 -999.000 -999.000 1.842 1.811 1.646 1.542 0.966 1.374 1.687 1.619 1.434 1.283 0.885 1.058 1.494 1.419 1.001 1.011 1.272 1.578 1.605 1.523
1.464 1.371 1.259 1.073 1.133 1.402 1.614 1.736 1.987 2.565 2.343 2.125 2.248 1.799 1.747 1.675 1.664 1.969 1.904 1.797 1.603 1.455 1.469 1.724 1.751 1.651 1.345 1.065 0.750 0.976 0.802 1.008 1.331 1.425 1.607 1.757 1.801 1.939 1.950 1.728 2.085 -999.000 -999.000 -999.000 -999.000 -999.000 -999.000 -999.000 -999.000 -999.000 -999.000 -999.000 -999.000 -999.000 2.019 1.904 1.404 0.818 0.923 1.153 1.585 1.595 1.315 0.968 0.717 0.810 0.792 0.807 1.013 1.476 1.592 1.442 1.131
1.330 1.144 0.997 1.196 1.499 1.823 1.961 2.211 2.403 2.124 2.197 2.387 2.459 2.106 2.024 1.892 1.713 1.569 1.638 1.573 1.327 1.400 1.448 1.804 1.634 1.462 1.208 0.910 0.739 0.826 1.047 1.266 1.549 1.659 1.691 1.547 1.815 2.029 2.066 2.172 -999.000 -999.000 -999.000 -999.000 -999.000 -999.000 -999.000 -999.000 -999.000 -999.000 -999.000 -999.000 -999.000 -999.000 1.897 1.639 1.305 0.847 0.608 1.150 1.570 1.523 1.418 1.157 0.885 0.928 0.828 0.555 0.942 1.366 1.411 1.178 1.082
0.978 1.001 1.248 1.480 1.747 1.956 2.216 2.113 2.198 1.950 2.030 1.980 2.099 2.217 1.988 1.936 1.994 1.453 1.315 1.240 1.277 1.481 1.547 1.503 1.404 1.286 0.936 0.784 0.774 0.943 1.211 1.302 1.552 1.462 1.462 1.706 1.900 1.818 1.833 1.857 1.947 1.991 -999.000 -999.000 -999.000 -999.000 -999.000 -999.000 -999.000 -999.000 -999.000 -999.000 -999.000 -999.000 1.701 1.468 1.342 1.330 0.789 0.832 1.164 1.444 1.463 1.190 1.388 1.317 0.948 0.735 0.593 0.934 0.870 0.882 1.491
1.159 1.368 1.558 1.770 2.069 2.282 2.441 2.077 1.837 1.765 2.030 1.601 2.063 1.974 1.759 1.743 1.737 1.304 1.119 1.322 1.486 1.478 1.372 1.401 1.171 0.993 0.774 0.685 0.845 1.206 1.186 1.351 1.390 1.581 1.861 1.647 1.693 1.707 1.553 1.763 1.789 1.901 -999.000 -999.000 -999.000 -999.000 -999.000 -999.000 -999.000 -999.000 -999.000 -999.000 -999.000 1.832 1.544 1.517 1.595 1.355 0.988 0.530 1.062 1.533 1.661 1.463 1.598 1.298 1.231 0.892 0.548 0.873 0.987 0.942 1.226
