tests/dem_reading/ref_AZI.asc
ncols               386
nrows               229
xllcorner    479497.492
yllcorner     73502.967
cellsize       1000.000
NODATA_value -999
[rows 58 to 86 of 229, columns 134 to 200 of 386]
305.548 340.630 79.292 101.880 44.342 118.218 289.165 248.686 222.363 140.844 132.528 154.734 244.545 189.759 109.591 133.215 152.083 161.667 154.750 150.571 127.231 318.637 319.971 352.542 346.354 10.747 18.484 18.487 354.113 342.205 63.493 82.299 325.039 276.500 332.770 44.295 45.235 335.624 280.806 24.018 75.341 82.864 243.239 240.001 261.661 28.572 80.883 35.835 15.155 13.307 294.246 144.875 57.665 31.528 60.410 241.569 257.548 236.251 232.347 168.203 89.825 17.007 346.585 48.970 266.394 278.222 99.600
41.677 30.211 19.892 24.288 15.903 44.593 15.423 259.684 238.192 219.106 137.946 148.561 81.414 147.092 144.035 151.261 152.799 155.339 304.715 327.602 53.705 28.652 290.531 338.433 18.093 359.341 6.159 1.758 305.516 51.127 78.409 70.584 273.297 257.678 285.569 281.044 70.265 68.997 265.362 305.905 66.715 46.732 37.564 235.429 241.477 226.796 96.677 68.704 358.521 15.228 37.540 22.574 216.678 58.826 89.191 48.850 228.273 239.214 228.758 247.996 183.208 339.228 92.523 55.707 307.622 253.260 60.197
175.384 156.585 165.942 173.986 163.122 125.912 174.467 237.834 252.068 159.843 86.004 159.260 183.756 175.119 157.404 141.912 139.887 318.856 323.141 1.179 50.008 159.624 225.881 198.030 203.413 175.809 158.790 118.669 124.770 45.404 38.422 51.512 297.247 244.846 270.519 210.031 79.289 183.103 271.452 332.210 20.885 60.242 47.316 232.141 245.376 229.543 115.677 74.004 3.628 17.098 30.227 42.806 20.107 277.896 43.784 86.081 211.253 251.491 227.204 217.702 261.594 195.143 95.087 115.886 259.133 262.366 34.841
164.086 163.941 176.149 169.884 171.190 170.561 208.148 286.588 336.570 95.471 144.476 153.949 161.502 144.601 136.095 125.614 80.046 156.980 215.261 214.418 136.507 152.361 233.074 219.322 190.104 264.416 300.708 36.452 5.295 50.426 28.984 38.079 356.598 289.587 277.994 184.991 96.864 101.862 289.486 298.251 344.053 43.772 63.255 59.221 237.969 239.391 159.955 62.382 318.031 14.826 38.628 59.091 40.832 299.603 37.557 88.635 63.970 249.446 250.090 229.193 226.773 191.058 348.258 182.470 315.258 298.138 339.841
157.872 147.674 203.293 258.711 104.628 90.185 334.191 278.139 230.699 115.977 142.577 133.241 132.411 80.059 68.369 87.672 181.637 216.338 216.604 179.583 131.524 125.811 297.582 261.489 281.471 273.279 305.940 320.156 2.194 75.325 13.794 89.819 25.135 306.095 278.254 325.411 90.046 95.615 280.560 275.367 298.962 14.165 44.089 58.381 52.694 258.456 238.148 284.209 317.144 26.846 27.948 73.945 58.422 319.814 246.329 97.990 94.999 236.097 251.937 211.310 225.227 195.020 147.729 280.336 299.502 327.193 348.330
13.523 352.128 338.982 342.689 8.409 42.362 41.877 211.366 182.921 150.711 134.936 132.080 22.467 349.784 58.610 75.493 140.460 350.688 333.746 14.288 25.351 347.400 336.096 278.559 274.049 261.012 274.827 333.021 89.014 32.816 130.284 55.184 210.829 256.418 196.189 111.494 78.690 76.388 263.083 238.590 231.977 218.636 58.235 74.854 58.839 264.337 276.348 276.304 299.548 359.539 50.642 55.419 73.046 44.166 291.205 86.730 91.009 224.377 249.452 245.642 216.099 179.159 216.636 266.661 185.973 297.385 287.589
356.467 353.259 3.602 8.903 25.618 67.678 164.575 212.154 150.208 133.024 128.503 43.831 15.398 80.538 55.135 99.273 95.100 357.943 308.679 327.457 8.696 20.661 32.093 18.568 294.451 284.269 291.183 333.225 96.825 58.576 246.099 34.163 75.313 284.863 281.277 53.422 34.310 53.157 22.053 240.814 241.189 247.258 127.280 83.869 82.119 253.305 285.836 258.093 285.788 332.503 61.760 50.857 68.941 51.181 31.135 73.063 82.164 68.886 248.600 274.683 241.556 299.205 227.038 269.175 256.703 238.699 263.865
10.162 4.948 241.434 183.872 151.904 121.928 136.678 142.941 124.259 341.434 329.300 64.940 79.030 188.544 143.492 136.931 333.741 273.814 284.587 28.652 85.573 46.102 324.324 96.726 340.159 260.770 264.942 224.771 80.693 158.241 340.490 79.024 35.493 299.533 320.395 306.659 0.022 9.113 38.820 32.785 235.063 250.416 251.415 91.739 81.353 249.725 270.999 262.508 271.918 300.364 46.284 59.174 54.196 60.557 26.041 62.327 77.320 55.593 226.802 251.378 257.887 248.295 263.811 260.047 289.395 227.308 254.827
180.430 178.752 159.580 156.496 148.977 130.689 133.830 104.704 74.168 330.852 192.481 72.512 163.385 135.347 155.723 241.574 334.185 294.210 310.101 304.495 98.957 29.055 330.945 65.289 21.908 237.832 242.572 247.293 82.811 5.401 313.203 63.346 87.194 254.273 277.624 270.331 24.138 341.699 34.661 61.280 36.423 227.689 198.713 116.763 109.986 46.407 257.946 266.730 260.454 285.815 347.982 64.181 58.621 62.071 54.402 51.689 83.274 65.792 232.826 253.354 245.542 230.362 252.531 252.145 254.310 251.424 221.972
164.376 162.812 151.818 154.690 136.117 132.500 106.771 34.695 336.349 201.501 147.995 120.940 124.471 322.722 333.988 351.887 318.203 307.819 302.240 172.304 68.052 42.016 308.048 358.294 58.653 243.749 249.472 216.611 272.942 228.753 303.930 99.485 106.090 280.863 252.255 292.486 152.116 33.820 54.429 52.241 45.614 302.311 254.758 98.978 104.675 55.172 249.013 247.383 244.200 253.921 289.622 59.390 56.517 57.093 64.759 61.063 80.684 73.393 35.375 265.896 255.318 256.538 230.795 266.908 257.831 217.079 142.218
171.550 164.664 157.674 147.580 140.938 162.574 5.220 14.636 61.594 159.057 110.121 125.178 317.870 24.251 20.678 317.205 305.982 330.992 3.839 30.823 13.565 328.478 295.690 32.183 104.077 37.141 242.408 263.484 255.145 264.163 325.048 73.662 85.484 281.284 266.600 290.073 321.042 26.660 46.074 15.874 18.882 42.760 29.835 322.469 42.196 67.453 291.038 260.916 251.665 256.089 280.145 23.982 60.784 60.446 56.986 61.166 65.243 73.668 40.929 240.909 275.759 242.845 241.029 231.340 244.665 224.721 211.797
167.034 138.884 146.276 170.477 216.003 254.787 357.414 50.970 136.770 106.390 170.801 340.178 3.599 306.837 327.907 185.747 282.865 233.604 268.264 336.671 45.106 340.424 305.843 9.162 86.142 82.513 280.135 290.823 278.796 310.361 3.678 56.292 71.594 260.311 274.095 267.438 304.291 31.400 40.831 343.767 342.631 50.755 46.070 331.217 20.210 82.447 42.866 263.507 265.427 258.287 264.423 286.216 74.552 70.401 65.722 69.828 63.966 70.131 55.711 232.212 244.844 229.345 245.247 223.305 231.679 210.410 181.125
178.022 178.582 200.759 249.803 237.514 213.097 162.250 163.251 147.848 242.691 27.181 17.810 269.867 334.451 57.653 290.241 237.433 223.057 257.341 336.262 66.443 340.419 321.090 349.056 35.442 54.813 32.393 247.563 253.741 232.976 277.225 56.670 70.687 69.748 246.210 254.835 233.169 110.185 100.771 154.865 278.001 92.898 95.703 318.262 327.991 83.895 65.050 242.099 260.185 246.773 248.969 261.477 62.915 72.790 72.427 67.191 73.865 66.819 62.093 43.452 228.664 241.643 238.794 218.909 240.194 231.692 219.228
183.345 129.004 347.927 324.499 322.338 302.720 176.044 148.666 359.521 20.735 7.128 335.906 347.491 329.506 332.042 0.566 333.861 341.800 293.257 324.492 5.172 327.959 318.545 23.337 53.499 0.384 262.727 331.310 264.701 251.880 178.518 26.222 82.251 63.527 214.079 237.518 235.410 206.739 116.937 196.092 246.710 114.587 101.351 3.603 315.979 66.740 77.596 31.634 240.687 243.806 235.405 246.901 248.742 75.701 80.677 71.601 79.657 58.481 78.436 44.601 277.237 277.632 262.663 251.896 249.744 251.728 238.238
331.713 333.262 326.149 318.498 14.214 68.452 56.360 357.025 330.309 310.199 344.678 37.801 352.546 297.286 291.550 8.999 78.761 332.084 277.465 297.850 45.649 308.350 280.116 83.062 98.264 112.243 80.538 268.357 261.870 230.838 214.438 212.441 131.654 103.191 72.133 241.220 247.605 214.114 268.709 121.034 57.129 42.648 58.715 42.352 310.202 52.191 80.014 56.358 233.537 247.213 232.573 233.623 228.006 112.333 89.071 90.900 77.483 85.007 84.125 76.161 337.620 291.235 254.189 296.308 222.048 250.568 246.262
319.612 347.497 301.450 288.218 101.180 106.128 342.313 326.596 279.502 329.464 40.620 22.037 14.027 284.778 309.590 296.325 2.269 45.346 295.106 308.473 329.693 339.797 293.181 62.061 64.829 163.557 14.189 216.376 258.701 233.782 168.459 183.859 173.015 127.325 93.797 230.422 241.520 255.875 256.384 339.423 73.511 26.846 72.394 59.580 299.396 13.398 70.966 65.471 36.665 240.976 239.708 233.292 226.313 168.332 101.493 91.869 88.064 98.662 97.890 98.566 273.282 239.102 260.350 207.400 202.980 223.483 204.339
279.045 277.325 262.463 288.128 105.367 65.126 295.750 306.856 318.532 0.190 31.243 350.670 330.330 323.390 319.963 330.100 11.654 51.964 288.510 291.587 339.549 297.269 359.282 55.670 50.199 57.502 62.536 312.489 304.473 324.565 15.980 4.134 322.125 54.714 94.718 263.660 229.106 239.266 244.567 215.538 104.351 306.602 70.934 56.787 279.312 329.443 66.844 72.121 45.288 234.162 236.188 225.173 224.677 194.443 121.598 82.312 92.269 75.402 91.588 90.491 319.670 268.805 307.372 138.322 205.543 208.825 204.993
286.911 290.468 319.147 28.508 56.050 23.146 298.403 304.099 344.954 348.524 257.595 323.494 43.332 327.550 312.730 0.494 21.232 8.990 337.068 258.671 271.796 208.339 78.285 73.721 223.854 63.673 130.291 235.929 167.849 161.437 122.856 145.396 235.815 260.523 109.744 92.874 238.328 230.659 237.793 212.990 186.642 236.027 17.621 71.102 280.381 289.511 67.487 69.964 61.300 27.946 234.554 236.980 227.571 219.265 136.949 98.223 86.336 82.543 77.635 89.717 310.992 310.579 0.113 17.496 141.170 206.699 209.265
317.754 333.166 6.478 322.524 74.600 104.822 289.585 254.464 232.303 253.163 303.756 322.812 15.846 320.498 301.068 307.385 29.728 47.497 270.967 311.192 264.995 278.704 78.475 95.507 121.504 88.236 112.559 261.088 226.607 210.345 168.006 166.694 173.134 159.672 125.134 119.312 5.816 232.454 231.700 240.223 218.720 257.118 359.436 80.842 268.394 286.623 86.340 71.649 71.815 44.055 266.436 247.578 233.371 226.469 161.887 116.334 94.641 96.716 80.660 92.050 290.727 288.201 70.244 71.277 183.303 178.757 204.751
306.509 288.925 206.906 31.908 334.477 58.043 10.054 279.406 312.973 343.133 335.972 337.462 37.867 268.009 282.948 307.182 45.362 23.691 27.378 42.944 280.052 301.723 55.001 351.605 45.737 79.434 90.032 352.890 307.513 40.679 67.346 293.671 304.903 295.944 51.394 37.197 59.444 28.256 228.832 252.012 245.772 246.801 229.771 75.735 133.698 287.073 122.593 85.049 77.703 78.749 21.427 240.996 243.593 225.129 175.141 127.970 113.634 96.523 82.268 85.225 267.983 266.236 103.919 98.799 93.200 189.345 208.856
251.209 202.569 71.565 257.196 331.519 3.888 345.360 329.109 355.970 323.788 326.996 9.862 48.063 273.836 288.147 303.010 26.503 13.636 356.769 4.830 260.991 302.938 294.204 25.978 65.847 64.278 60.500 34.503 24.274 14.148 1.736 319.419 318.904 355.649 5.180 32.723 41.373 38.380 241.390 225.000 234.905 217.547 215.886 200.294 155.040 229.328 258.195 95.235 83.454 81.767 36.045 260.865 249.312 211.147 179.589 140.832 129.237 88.582 87.349 75.239 258.376 260.450 84.850 103.946 45.000 3.142 225.000
234.127 212.411 316.503 267.223 314.661 338.319 354.294 355.692 326.578 301.151 2.042 66.240 50.755 322.701 280.256 274.155 284.036 103.505 358.970 351.444 343.319 337.258 342.830 220.019 33.730 71.449 38.463 0.452 35.083 46.202 51.605 325.446 285.533 308.408 353.019 32.040 37.140 61.140 45.958 225.000 225.000 212.970 199.915 191.506 181.988 190.968 193.305 130.081 102.559 82.606 79.400 315.300 259.465 177.003 149.794 157.662 256.781 83.167 82.975 75.710 248.449 266.902 134.045 101.570 85.050 3.142 315.000
305.097 340.304 339.497 335.900 292.632 40.843 270.589 301.406 336.878 310.346 278.053 59.653 101.666 49.364 269.805 265.366 300.741 102.820 52.204 359.024 329.779 24.969 121.019 151.941 132.324 121.474 79.157 72.979 29.982 328.996 9.276 232.281 241.850 209.468 193.384 42.085 61.636 43.154 47.102 45.000 225.000 225.000 208.732 205.879 198.561 192.398 188.334 158.619 114.044 94.353 92.746 330.993 158.141 118.465 158.509 220.030 266.800 107.809 82.267 125.319 283.638 296.024 351.560 45.231 66.876 45.000 315.000
320.831 326.426 331.462 18.809 340.411 265.456 331.092 333.524 328.106 353.491 5.921 38.330 357.839 10.219 50.963 249.947 277.089 52.450 325.351 214.479 83.884 131.995 163.526 269.684 174.938 56.526 89.402 41.021 49.298 14.410 15.555 33.514 243.002 238.523 250.559 298.740 79.297 40.767 23.334 44.804 45.000 225.000 225.000 225.692 206.608 207.035 209.774 185.392 112.934 100.287 72.388 118.523 113.119 130.867 164.536 228.678 221.517 118.959 91.497 316.135 319.960 3.775 35.052 52.327 70.969 3.142 313.160
285.081 225.133 305.811 239.479 9.584 0.954 303.393 309.482 306.785 68.148 55.924 167.686 359.651 18.814 325.640 276.909 297.984 197.049 85.442 232.910 229.098 108.767 79.432 12.643 12.726 35.792 36.733 38.026 19.432 313.144 337.990 38.375 37.241 256.196 252.596 220.802 290.556 43.496 11.010 21.038 37.353 44.954 36.155 239.330 253.029 237.358 225.437 166.645 113.841 97.034 91.107 127.753 114.359 128.445 158.576 196.408 199.195 131.465 38.981 312.356 333.119 27.734 52.516 79.182 115.190 128.679 306.270
258.982 242.856 217.965 110.607 279.885 304.390 344.725 312.098 0.133 61.245 15.865 346.718 320.044 16.985 22.900 359.786 326.819 210.224 235.976 56.073 88.527 23.114 22.320 225.225 358.276 160.175 358.804 105.622 36.845 156.744 67.749 94.800 79.192 351.837 229.138 220.682 178.401 183.437 342.819 6.356 31.902 30.120 28.048 1.320 300.466 236.908 236.805 196.302 131.833 123.564 126.858 128.376 115.792 127.439 176.264 204.848 218.038 129.061 314.957 286.875 351.966 84.902 78.700 56.972 34.282 45.000 229.431
286.480 19.377 220.113 282.174 200.843 270.237 277.174 280.193 275.875 39.174 54.946 3.076 345.875 356.383 84.476 45.138 235.692 315.338 40.878 295.901 345.477 52.719 349.610 288.660 78.635 88.974 1.281 51.091 5.918 274.418 8.361 102.696 76.013 357.843 294.571 320.037 265.837 276.718 301.537 10.786 23.951 38.239 33.742 27.117 351.982 286.126 182.688 166.048 150.451 129.023 135.879 116.232 125.066 108.194 114.854 321.444 358.843 325.688 299.170 289.634 49.013 107.414 109.080 102.808 68.338 52.739 225.000
343.526 31.404 330.142 304.325 289.027 292.351 200.410 239.703 270.312 17.909 18.222 8.411 5.228 110.284 126.895 91.398 22.795 326.131 323.462 340.956 59.070 54.149 311.779 14.662 64.179 40.984 141.271 315.774 120.636 77.704 58.213 276.854 349.934 39.554 25.114 342.245 294.657 289.797 298.545 318.903 12.447 47.708 39.325 48.800 44.097 17.198 204.186 111.829 140.596 121.208 144.154 121.209 130.210 100.282 42.770 24.851 303.672 313.040 274.686 296.732 126.841 116.613 112.971 208.223 128.535 122.088 154.499
282.180 91.927 326.991 311.618 341.158 328.969 309.279 271.106 3.672 136.217 120.932 170.477 174.622 165.505 50.329 50.226 332.498 329.306 342.453 333.965 338.164 65.107 359.239 318.405 64.394 36.687 296.962 6.992 4.122 344.469 69.417 51.187 61.199 336.139 24.545 32.941 269.831 248.319 238.492 227.263 258.999 24.485 61.851 62.551 59.370 52.180 97.134 124.606 102.064 137.826 110.266 127.422 102.073 337.609 32.303 319.120 314.866 326.810 291.926 217.954 126.272 100.750 19.780 314.728 46.395 49.742 45.000
