tests/dem_reading/ref_AZI.asc
ncols               386
nrows               229
xllcorner    479497.492
yllcorner     73502.967
cellsize       1000.000
NODATA_value -999
[rows 116 to 144 of 229, columns 201 to 267 of 386]
102.604 289.860 313.429 49.895 60.879 138.856 161.367 154.444 150.281 111.385 81.346 78.819 244.601 234.043 218.618 221.143 231.022 317.984 356.858 18.269 351.592 331.610 355.974 145.201 202.255 212.017 185.548 241.084 204.031 103.177 68.711 307.254 341.639 46.035 10.522 322.970 340.830 24.335 76.191 125.955 209.936 182.957 195.598 152.709 117.745 111.221 128.278 198.794 239.836 196.116 123.381 191.669 252.307 135.000 128.231 164.486 147.833 127.673 149.722 153.957 148.758 192.389 198.498 102.777 27.211 27.646 8.496
278.828 283.724 326.428 77.398 167.405 177.133 109.879 97.109 20.476 37.225 42.674 55.290 310.910 248.070 245.332 260.230 252.930 317.441 36.109 52.682 359.085 278.493 182.321 156.826 230.216 251.197 308.104 121.321 188.292 170.157 217.275 247.544 325.116 80.385 22.216 297.845 26.856 111.691 152.642 199.991 144.639 139.319 187.651 173.312 100.881 70.969 107.867 181.285 229.820 187.570 144.675 183.973 204.722 131.004 132.212 145.889 171.436 144.739 158.302 185.392 163.546 126.151 270.936 3.794 28.429 323.343 337.859
241.522 272.228 273.152 67.940 83.012 27.598 16.906 7.633 358.629 6.345 40.755 62.444 78.104 286.602 273.250 279.498 289.141 261.120 196.882 159.212 181.987 163.048 153.367 182.350 289.270 311.368 345.286 176.450 82.910 148.391 225.247 238.227 245.514 120.476 180.696 263.595 177.319 92.224 70.727 58.328 33.925 81.694 219.508 190.515 126.945 119.951 92.732 160.168 207.559 184.073 173.725 187.625 195.067 151.434 138.021 148.631 160.975 161.870 187.531 208.501 18.096 306.368 323.702 43.041 62.352 329.864 299.090
301.824 292.565 11.535 56.948 7.570 355.940 19.641 36.725 66.870 8.324 59.173 58.079 71.238 339.782 264.393 254.475 219.541 184.515 173.890 156.164 153.081 179.637 190.722 252.481 283.609 258.584 350.206 145.727 120.470 85.968 227.697 236.234 236.324 163.581 147.979 149.929 140.522 75.975 78.388 52.333 99.606 95.095 170.441 205.525 153.919 147.380 130.157 148.599 172.940 168.581 178.254 189.005 182.092 175.310 144.157 153.738 227.938 307.219 341.212 351.709 1.753 348.295 324.659 16.319 48.414 301.991 297.116
323.727 323.055 326.237 85.055 54.897 345.091 344.909 348.603 116.479 103.158 104.137 97.492 85.517 255.004 254.002 233.667 204.949 179.511 167.903 162.294 195.776 243.737 318.096 291.408 265.678 224.101 158.228 112.400 145.003 54.785 249.568 278.581 219.286 69.185 123.605 180.268 195.148 168.439 158.657 158.050 152.098 130.755 155.434 197.275 166.997 136.627 128.745 139.258 212.410 277.051 351.994 142.328 151.196 147.239 122.893 130.564 326.186 329.975 343.178 348.950 5.819 332.711 311.661 30.695 64.404 31.446 281.185
293.608 217.011 237.335 169.588 142.695 210.624 155.225 102.073 96.568 150.074 140.875 126.852 109.599 192.323 256.898 221.207 185.238 187.979 211.956 244.987 345.070 329.462 337.896 334.865 274.769 19.011 145.449 116.643 115.889 173.570 255.393 256.342 200.725 173.400 137.786 161.346 154.218 170.958 166.275 156.174 152.272 148.322 140.137 163.612 170.844 155.655 195.366 292.106 15.122 2.714 353.608 0.970 17.787 31.566 29.802 327.993 313.403 319.787 335.361 351.161 14.999 6.522 332.728 12.025 43.972 71.845 287.020
183.216 211.994 212.209 97.013 131.647 171.088 205.843 172.181 105.601 115.991 114.882 110.548 95.006 312.525 318.112 11.414 3.550 286.411 343.137 347.267 329.976 330.584 7.080 325.532 277.656 55.422 71.649 158.483 33.580 133.936 250.321 225.651 181.299 154.950 139.947 138.329 162.303 165.296 173.282 168.126 148.628 146.316 181.609 216.354 211.891 63.817 33.937 349.983 331.278 338.575 355.984 15.930 28.835 38.010 57.164 330.793 267.968 290.660 287.047 308.827 347.194 11.197 354.729 41.329 80.321 74.349 287.028
151.373 182.592 224.267 232.564 122.015 168.206 153.505 136.056 142.866 92.819 115.331 74.299 314.429 319.624 334.634 31.164 21.105 329.371 315.521 314.992 310.764 304.036 43.873 98.837 262.265 64.097 10.975 52.733 44.187 71.343 294.520 230.036 155.762 140.189 163.489 152.235 150.309 165.323 177.445 167.289 185.014 229.885 27.059 14.869 5.571 357.910 325.945 324.560 347.662 334.454 349.347 23.064 50.151 59.936 74.865 264.731 238.871 228.680 222.249 252.634 302.893 7.626 32.934 83.595 112.839 65.322 273.787
150.146 211.183 209.850 179.796 133.856 99.829 157.823 88.610 145.588 116.851 94.206 347.813 305.883 310.593 342.828 43.291 65.258 309.679 291.642 319.514 334.325 326.745 41.222 306.485 311.536 84.794 73.857 74.517 51.781 89.729 125.445 238.081 169.448 146.852 141.257 151.699 148.776 168.511 279.971 336.203 350.398 354.375 350.007 355.138 348.915 345.968 340.778 329.498 341.093 351.917 33.170 87.165 100.748 105.508 69.270 259.496 288.475 277.554 271.621 273.079 277.066 72.009 91.657 105.578 84.943 301.281 295.109
47.612 129.628 168.608 187.927 181.862 181.583 190.718 143.819 91.484 120.077 24.409 270.170 313.203 282.020 309.196 61.094 75.181 325.566 288.157 269.608 261.331 242.070 108.379 127.259 62.395 155.211 183.028 151.118 149.722 115.211 156.520 189.403 151.847 157.434 144.923 161.510 317.433 350.637 9.051 351.532 330.266 335.505 348.878 14.519 353.331 351.172 350.184 329.433 287.487 42.903 140.398 133.793 136.254 130.760 82.380 291.519 320.880 321.064 332.752 302.151 278.611 91.115 112.609 116.229 43.205 279.447 297.035
23.684 9.859 7.602 81.488 149.024 184.759 183.485 154.141 110.603 58.051 294.736 316.522 299.083 260.027 277.592 97.504 55.474 281.184 272.358 186.857 215.138 233.469 120.884 143.706 167.111 158.437 158.587 156.026 152.196 130.296 149.773 191.749 174.514 142.645 107.768 351.953 318.724 336.547 5.933 341.159 321.867 328.926 10.974 38.180 342.128 339.250 350.839 338.587 96.625 124.953 132.804 128.469 138.606 99.069 221.467 286.246 292.026 297.203 283.033 277.040 257.832 122.485 114.062 99.089 235.282 275.260 294.651
18.837 34.839 47.906 18.922 345.447 170.240 150.234 133.596 132.468 330.913 287.797 338.046 307.946 273.286 312.832 72.878 50.159 329.182 298.142 95.144 268.503 235.868 114.891 129.070 135.531 153.211 160.565 160.136 150.087 155.170 196.894 16.609 29.728 1.116 34.181 343.256 291.164 322.724 2.862 347.676 326.157 328.832 36.743 24.932 299.709 2.635 22.164 17.964 74.181 117.985 113.730 125.601 120.297 0.407 289.612 296.050 273.061 265.119 235.585 259.062 226.181 99.310 100.971 52.074 277.722 289.654 58.306
106.854 70.303 50.226 33.204 25.918 20.976 34.449 76.555 82.514 273.303 292.517 13.560 346.075 268.581 295.496 349.872 37.158 48.394 318.564 130.385 195.871 234.478 139.887 120.543 151.142 149.660 158.157 158.041 149.856 340.453 351.060 350.239 350.595 0.253 37.514 341.467 272.380 308.559 340.389 342.337 325.694 343.763 57.423 32.763 308.406 357.183 105.192 99.867 107.172 111.745 112.003 125.734 73.762 305.417 309.496 319.062 6.941 266.053 280.035 271.883 160.010 90.920 100.238 33.037 269.460 296.156 89.080
234.648 61.918 50.209 49.602 39.622 72.187 81.932 68.851 320.466 291.255 311.281 32.901 323.168 288.280 294.837 45.499 49.882 129.260 112.910 142.472 172.901 202.884 166.341 155.406 116.361 106.172 137.478 353.776 335.419 325.895 337.941 354.912 15.805 37.786 53.174 160.012 283.195 274.326 313.481 352.768 327.156 15.155 79.423 5.119 320.484 64.894 76.823 108.799 114.491 118.335 103.276 120.526 0.852 292.145 308.186 359.014 44.957 296.073 266.978 252.495 114.355 107.775 107.600 281.398 255.806 74.857 123.283
199.477 194.270 33.824 57.696 79.061 112.734 99.731 82.164 295.977 288.870 300.543 41.188 13.578 293.621 284.432 168.349 101.870 139.044 139.222 127.533 162.420 192.252 162.855 153.786 133.230 119.110 21.427 344.336 326.229 311.917 302.775 325.852 13.211 69.043 64.231 138.785 298.819 246.841 272.833 270.469 10.743 63.245 73.459 123.475 52.682 126.907 121.940 118.201 123.232 129.707 10.380 91.147 4.458 289.869 291.421 353.283 54.148 346.817 294.063 260.373 93.165 115.237 95.064 216.248 281.246 217.429 99.465
179.826 211.858 185.053 132.370 117.206 90.725 90.655 50.809 281.821 275.721 293.049 7.751 37.789 295.292 227.249 137.511 139.749 115.331 152.795 145.088 156.845 176.991 188.923 190.815 123.717 88.844 55.451 333.795 253.208 258.650 271.337 290.821 57.166 55.797 38.016 31.226 244.088 255.702 233.429 222.490 208.078 111.596 97.837 145.967 172.411 155.652 147.511 139.390 161.355 14.114 346.793 36.059 21.379 276.566 260.569 313.023 63.274 3.649 297.611 300.430 102.704 97.899 359.227 272.240 336.114 71.080 49.384
76.770 202.150 184.211 157.965 144.580 150.677 127.922 155.302 271.631 274.242 272.044 62.713 134.255 257.753 191.809 119.622 152.051 115.780 127.997 104.892 29.164 23.621 354.269 352.721 8.294 13.930 32.981 323.620 252.976 289.383 274.415 315.013 54.683 27.966 10.408 26.947 66.773 306.495 247.781 249.136 166.724 116.787 217.056 135.356 104.259 122.405 126.749 95.304 322.128 349.346 332.142 35.803 100.565 271.166 248.800 264.854 343.536 15.622 4.043 80.771 119.162 58.727 304.592 340.430 354.329 331.039 1.587
93.081 150.135 166.122 151.662 172.654 190.159 103.087 28.697 281.130 291.906 223.455 194.476 171.496 174.936 164.369 145.606 116.073 133.030 345.040 359.042 25.591 7.905 332.657 350.524 350.894 10.250 51.889 11.474 295.995 288.175 279.991 273.559 55.663 51.442 53.438 44.228 76.892 89.116 283.233 266.159 298.691 83.136 88.722 72.331 81.574 84.253 22.102 323.435 329.286 316.709 0.260 45.659 90.939 311.965 284.199 289.668 336.749 45.570 43.737 101.286 76.248 289.939 307.957 339.104 20.088 339.550 9.784
146.347 123.670 205.225 320.332 29.505 22.706 40.812 342.088 284.240 267.000 245.401 234.192 235.923 105.245 88.649 155.464 232.952 314.754 1.626 359.603 29.238 358.142 295.544 350.670 355.723 26.415 67.626 18.222 303.221 268.266 306.375 250.874 110.335 135.184 198.166 106.240 67.179 62.637 307.704 278.517 265.763 89.212 145.070 139.564 134.798 103.628 342.112 307.165 337.027 310.472 1.696 63.955 66.369 325.952 278.386 272.044 264.402 209.688 96.109 98.540 49.558 294.747 295.462 6.881 31.253 313.725 329.036
132.223 22.505 12.727 5.327 3.908 20.578 56.492 167.555 243.936 237.537 238.024 315.103 329.410 38.803 52.046 49.019 44.425 329.100 328.593 26.805 36.384 309.334 312.127 343.274 359.087 69.253 86.508 259.267 271.611 312.393 250.492 285.320 186.591 74.118 26.152 1.605 14.997 25.360 349.469 293.666 218.108 124.217 106.442 113.162 113.192 53.553 298.839 324.944 282.754 338.487 88.366 77.164 88.967 277.889 267.425 290.647 268.659 86.466 91.201 89.944 295.412 297.069 274.573 11.125 83.181 265.461 112.716
355.430 10.860 358.060 357.832 39.424 111.084 97.038 189.140 236.405 185.102 234.606 259.606 278.048 66.208 43.294 18.732 6.949 310.632 282.321 76.843 64.562 282.981 305.892 33.583 91.464 115.866 86.296 251.617 292.206 329.127 330.872 325.244 7.400 37.331 358.814 337.401 358.348 31.498 34.075 304.610 303.776 105.067 55.779 28.857 57.007 30.989 277.595 307.646 332.310 12.517 82.370 102.060 100.160 229.519 283.681 294.514 291.201 26.708 93.853 92.238 310.142 278.876 287.103 77.856 135.721 156.923 137.757
351.348 21.623 113.445 172.464 145.606 129.921 120.693 295.840 316.248 321.263 206.039 241.201 254.147 99.675 74.910 28.994 130.529 287.277 269.764 85.803 48.949 281.271 318.793 117.909 106.490 94.176 112.315 330.634 308.559 336.540 335.974 312.416 17.484 71.490 260.424 228.921 162.398 130.331 114.187 203.417 297.184 85.230 71.913 58.445 74.179 334.412 286.956 291.069 347.042 122.022 119.857 116.925 98.341 250.056 275.608 244.111 248.549 118.466 95.853 89.243 288.091 264.693 270.896 121.852 109.456 128.734 120.750
194.594 156.181 153.184 149.166 161.507 131.303 16.704 318.888 343.246 2.841 353.789 280.798 239.738 233.229 179.125 5.539 111.032 317.457 269.661 79.600 13.723 290.290 301.978 70.428 99.783 38.904 168.165 327.565 270.903 291.170 329.899 335.875 107.299 123.127 199.091 220.645 189.542 135.280 115.662 242.804 315.354 23.704 53.211 85.336 58.506 288.052 299.063 269.865 101.903 132.038 127.298 114.647 122.076 289.691 279.142 257.822 279.370 136.223 80.079 78.772 241.152 260.430 251.312 117.987 44.622 25.829 36.881
152.763 149.234 158.461 202.157 88.399 46.405 323.058 302.070 328.843 1.162 32.311 38.395 281.937 256.468 121.218 17.328 51.800 315.201 271.146 70.874 329.768 292.461 82.506 105.313 94.679 281.900 345.306 170.686 262.451 227.061 207.908 210.874 135.665 128.288 223.511 217.671 75.341 74.560 77.562 291.713 293.622 24.744 62.936 57.628 12.725 295.301 305.037 257.864 103.530 120.604 106.493 67.686 16.100 304.199 296.953 260.532 323.809 48.677 74.897 75.612 318.029 271.178 269.805 84.051 97.754 52.351 33.209
145.387 180.458 23.839 8.851 20.954 11.137 290.511 290.237 309.751 46.263 53.651 61.164 325.228 273.026 281.235 292.088 53.748 2.265 287.771 41.361 247.921 295.990 141.729 119.286 91.557 264.263 358.151 106.905 271.029 221.239 203.138 202.525 118.258 108.005 212.976 225.718 205.483 143.806 138.887 230.740 242.722 276.973 71.268 59.053 9.199 308.068 302.890 79.598 117.238 107.123 53.591 356.511 358.857 2.332 294.794 258.722 327.120 71.797 86.703 0.146 330.187 317.860 333.185 66.081 117.146 144.769 167.497
83.516 329.177 336.677 331.889 34.119 5.419 249.763 305.791 249.541 213.648 107.315 90.283 142.926 273.002 307.837 280.310 46.470 6.524 299.205 64.563 188.610 159.744 135.597 112.021 308.558 301.151 25.501 46.586 290.508 295.860 265.119 210.357 107.839 111.639 202.169 233.049 165.775 153.300 168.620 206.744 243.976 270.247 57.502 34.599 346.066 315.662 102.134 124.392 134.396 75.954 344.903 336.190 15.073 58.054 251.430 279.783 248.344 29.684 54.823 47.105 350.214 286.290 297.594 187.387 78.062 124.549 143.123
9.414 298.442 327.156 12.460 64.617 14.575 285.398 288.579 293.428 25.824 81.707 55.344 1.910 302.782 327.980 257.017 36.271 190.205 344.265 36.677 6.905 106.381 97.807 54.752 288.932 306.828 2.558 37.597 9.482 357.100 39.318 244.016 135.460 108.796 148.507 247.910 200.377 146.135 203.082 248.456 296.112 232.023 51.541 129.505 145.354 221.930 172.702 124.814 98.655 350.488 313.131 349.021 70.484 50.923 251.093 298.003 252.848 37.251 31.037 312.968 247.923 164.383 168.053 160.261 125.986 129.243 172.017
299.772 296.823 289.290 72.067 84.700 232.464 305.065 147.400 275.758 279.978 94.925 28.921 45.559 95.174 258.192 217.335 88.962 174.798 128.225 152.072 102.411 113.147 83.869 242.425 269.102 269.190 20.413 77.976 30.790 109.477 157.503 173.051 151.911 122.539 175.717 235.233 183.449 196.512 253.592 306.388 288.696 284.468 132.861 155.110 186.246 159.768 129.002 87.084 348.202 328.255 301.003 79.080 101.839 40.408 333.373 290.892 284.328 143.670 161.529 171.542 143.915 139.219 186.674 163.994 155.814 150.001 139.628
305.121 284.609 94.511 80.597 101.378 253.164 263.388 201.282 206.731 213.782 131.809 125.866 174.908 216.956 190.331 244.285 182.145 207.617 210.641 162.382 136.564 90.303 109.179 153.424 243.905 226.930 175.835 153.518 171.656 150.098 142.248 160.799 153.674 128.084 171.162 258.851 316.672 344.244 306.373 311.060 250.199 122.517 119.726 330.577 60.042 20.242 9.721 306.953 330.013 343.359 0.949 111.857 83.846 16.635 322.161 204.701 153.610 165.577 178.935 176.841 156.534 140.837 168.703 181.904 158.165 24.541 346.077
