tests/dem_reading/ref_AZI.asc
ncols               386
nrows               229
xllcorner    479497.492
yllcorner     73502.967
cellsize       1000.000
NODATA_value -999
[rows 87 to 115 of 229, columns 201 to 267 of 386]
45.000 234.708 265.936 254.492 247.616 218.438 171.660 148.435 126.494 126.759 276.526 316.266 332.321 329.517 311.760 86.708 48.123 270.523 326.839 88.134 37.926 116.607 82.335 106.360 246.020 228.894 204.665 221.082 284.394 120.528 67.652 15.619 278.446 296.741 235.911 121.308 66.728 51.213 353.303 351.006 73.369 74.210 110.418 294.808 300.189 307.760 321.018 347.289 260.547 39.281 112.577 0.856 65.401 322.366 303.203 8.338 20.627 24.836 91.190 114.260 72.015 27.570 17.294 24.780 35.932 28.763 40.847
45.000 234.590 233.413 232.591 208.836 176.049 161.203 152.777 132.136 257.422 297.245 303.243 318.899 318.254 340.598 75.842 57.397 273.852 329.116 132.064 124.774 132.551 118.593 84.325 319.476 350.058 12.936 305.718 288.138 42.659 55.901 2.646 312.729 302.474 341.340 29.721 339.928 337.142 4.558 68.544 99.514 99.592 179.639 273.887 275.629 293.467 303.026 356.439 335.689 330.966 8.886 54.773 48.933 298.966 289.218 51.965 111.977 147.011 153.010 152.989 32.548 329.973 356.890 35.066 37.137 38.169 39.266
48.847 41.531 233.031 230.372 195.395 186.372 171.813 155.824 167.205 238.172 257.500 257.472 275.900 205.108 184.808 79.149 187.724 276.301 302.415 126.577 122.241 109.289 118.464 354.975 314.828 3.777 47.088 325.812 271.141 357.596 57.858 315.378 307.565 295.141 37.004 48.967 332.706 358.682 138.666 153.665 117.244 125.686 222.771 264.264 268.495 275.131 327.589 32.333 0.027 10.256 75.300 41.360 64.606 275.924 283.048 76.265 114.716 112.411 113.786 46.410 292.806 326.476 16.119 58.753 46.800 47.745 36.644
59.730 38.093 22.682 264.811 215.766 176.491 177.324 172.160 176.147 217.685 232.743 219.596 216.379 243.888 158.357 79.996 261.914 278.862 357.074 104.311 94.298 97.143 92.454 300.183 286.217 339.679 70.230 326.712 255.086 54.458 64.011 325.875 317.608 19.924 67.169 161.806 177.126 169.848 159.912 157.972 116.924 109.246 202.164 232.733 248.843 249.612 259.193 304.603 67.703 38.559 280.253 31.230 36.176 312.505 327.451 42.206 61.216 54.335 50.342 333.573 295.520 307.244 46.475 98.196 48.379 52.067 69.167
59.469 54.549 31.207 30.950 33.358 181.692 157.525 157.855 197.609 221.392 226.992 216.559 229.719 238.185 171.315 74.500 295.353 273.319 73.294 96.500 76.660 292.320 54.848 323.863 288.832 345.647 50.312 336.655 271.087 8.185 135.069 131.047 197.597 182.473 166.893 175.099 168.377 158.296 146.617 105.866 17.589 30.365 44.730 215.865 242.020 244.897 235.083 229.981 315.824 16.748 9.062 22.118 27.976 308.513 309.200 51.741 30.647 69.035 51.303 302.375 285.488 31.666 62.223 38.242 49.461 66.727 80.203
14.280 36.533 26.614 25.125 25.089 33.850 23.707 44.139 340.217 228.668 255.017 226.132 227.594 246.638 270.380 97.220 308.660 289.956 91.773 81.827 18.555 346.878 51.096 345.888 280.241 234.488 41.514 309.101 332.814 101.762 181.069 185.368 165.662 165.006 182.892 173.175 164.045 197.271 333.857 348.198 358.224 39.262 43.040 47.135 263.528 263.201 258.044 254.592 321.692 107.858 36.116 234.384 172.475 237.184 244.554 111.796 50.310 69.277 25.880 304.422 313.398 18.449 78.092 36.733 100.441 110.083 69.479
226.765 58.127 61.708 25.443 15.395 13.757 6.677 11.295 34.244 44.471 240.750 232.142 232.240 240.382 254.239 193.442 247.317 277.222 120.771 15.011 9.107 348.889 47.911 270.615 276.694 284.795 43.296 214.924 47.825 163.778 214.854 112.605 357.247 301.141 10.713 12.547 348.856 340.751 356.208 6.222 21.066 51.526 75.526 78.781 283.726 270.751 257.312 243.590 236.395 156.713 153.880 189.765 169.980 230.239 220.987 26.116 186.264 42.391 34.079 331.869 335.829 82.693 31.680 130.876 115.315 96.849 316.605
219.803 178.913 139.975 323.517 35.578 41.450 36.745 59.767 88.609 81.766 156.515 236.860 238.803 238.067 229.817 200.829 211.880 234.846 126.417 337.051 324.203 339.096 27.262 9.672 304.514 335.330 358.937 45.824 35.633 16.796 4.060 49.966 19.073 327.301 347.149 352.495 345.664 345.581 343.874 15.304 105.012 86.076 108.761 97.899 267.639 241.649 230.307 220.816 211.939 147.194 161.688 231.048 297.139 248.101 178.260 192.822 220.146 88.420 340.312 279.424 96.736 166.653 150.216 130.853 115.768 104.346 280.613
214.837 149.396 191.802 201.187 125.428 136.416 169.144 169.314 146.640 137.179 159.372 308.128 266.890 273.880 256.571 234.778 161.619 208.144 249.416 244.226 311.963 343.071 25.048 2.510 286.879 341.425 184.600 63.648 22.197 323.270 346.379 27.639 89.791 344.229 233.245 298.442 292.499 299.357 103.493 116.963 124.583 110.972 105.758 108.447 243.642 251.823 217.482 179.241 203.609 177.802 177.592 273.919 307.839 293.089 63.322 181.801 253.295 166.584 275.819 196.944 132.453 122.353 156.500 158.189 120.263 189.619 311.853
214.467 181.670 185.415 199.084 179.474 162.467 164.609 139.412 140.502 312.395 2.600 9.307 319.704 240.286 209.147 200.761 216.092 227.819 226.713 226.422 166.159 145.445 178.843 196.855 210.608 198.955 194.722 164.670 221.303 301.767 337.714 47.007 72.840 292.543 283.293 248.598 235.731 162.931 147.135 133.703 135.077 106.315 116.132 305.805 287.904 330.594 325.446 2.391 182.817 159.325 214.853 269.495 254.653 268.981 100.986 191.495 245.479 136.355 183.307 177.552 131.636 153.542 197.465 103.407 42.573 311.721 304.917
180.643 148.029 197.812 209.930 146.339 135.000 65.385 45.000 341.017 310.728 327.073 332.454 355.280 28.525 318.862 187.661 140.333 178.136 206.983 198.651 184.175 193.600 200.061 198.635 188.841 184.963 256.187 295.067 277.778 270.868 190.231 101.786 69.357 25.774 306.749 303.840 227.518 126.696 127.212 121.260 127.725 112.905 121.547 320.068 336.866 327.526 325.263 15.113 16.715 45.489 260.377 248.917 233.284 159.558 121.710 224.915 257.686 109.553 151.220 177.729 159.148 98.335 20.873 10.150 334.402 335.813 277.424
3.142 225.000 225.000 310.604 315.000 337.665 45.000 45.000 282.189 297.971 324.912 14.514 12.291 358.776 3.555 1.491 358.875 27.182 175.181 193.256 173.737 157.182 245.644 268.401 301.141 323.715 310.686 298.128 266.486 263.206 200.996 91.023 22.282 343.039 285.423 30.493 160.694 152.197 124.988 143.833 117.137 117.713 286.147 303.393 317.968 290.499 296.791 31.386 37.262 41.656 352.757 241.329 216.208 178.613 153.543 245.053 287.214 88.768 55.666 285.419 57.614 359.124 321.386 9.566 29.797 319.905 299.958
315.000 315.000 326.972 348.896 352.435 351.654 52.602 74.000 277.624 281.832 292.426 335.321 13.962 16.501 20.235 16.962 23.035 13.004 0.273 358.621 7.580 347.515 306.294 194.516 254.681 245.001 262.658 240.941 242.366 259.364 290.234 56.661 2.249 312.166 349.331 18.235 76.789 107.878 92.161 104.512 84.752 309.772 300.540 319.924 356.407 279.996 304.158 12.449 58.714 58.135 102.609 274.215 231.116 241.932 311.432 308.077 332.406 59.390 42.865 351.924 342.217 326.610 345.202 52.577 40.786 270.653 283.612
4.561 356.071 349.137 333.817 321.758 349.928 80.783 96.119 228.713 246.494 242.485 197.794 175.520 288.015 353.135 344.135 40.987 37.424 7.783 4.296 0.100 350.385 339.221 349.758 130.802 218.156 239.929 245.374 290.812 275.562 335.810 67.234 321.863 232.825 88.315 109.216 91.488 74.521 95.156 93.213 58.084 293.173 310.909 346.078 353.185 270.259 307.170 209.942 69.158 81.120 84.906 317.577 293.043 333.790 351.850 309.268 308.493 75.002 347.941 305.440 353.416 333.796 336.054 20.249 29.783 350.156 299.591
5.363 342.821 323.605 339.529 15.606 57.270 77.810 99.717 230.110 252.388 237.053 186.116 173.148 194.915 181.502 208.914 295.225 351.139 0.701 39.135 5.293 319.667 3.345 44.665 61.904 267.738 217.701 242.395 269.363 276.762 247.150 171.126 202.220 220.430 141.625 139.877 154.461 144.790 134.863 102.376 144.690 284.405 281.085 347.717 309.147 315.375 302.363 326.611 63.096 63.794 79.894 6.059 287.477 292.566 275.149 264.387 228.312 71.236 352.188 313.792 11.670 16.867 156.652 89.714 114.719 270.564 288.863
32.594 354.208 319.269 335.515 58.965 94.244 102.957 134.987 310.564 290.108 293.328 320.806 326.635 306.553 290.871 312.686 356.431 356.585 0.043 53.715 54.276 288.661 332.388 48.826 62.060 39.732 281.868 261.445 242.729 235.538 208.267 268.508 305.449 45.000 72.773 111.300 121.924 144.487 140.974 106.085 276.128 281.986 308.874 301.313 314.533 335.382 294.613 18.535 76.792 83.257 83.661 276.269 258.164 232.379 174.206 204.082 292.192 332.130 11.720 8.152 153.330 170.684 165.219 172.697 182.597 203.292 216.638
40.870 272.074 298.602 274.773 91.370 93.051 108.766 116.750 310.267 279.758 305.039 328.055 2.806 352.733 344.795 341.912 328.849 313.057 67.234 86.855 155.898 280.907 225.317 53.906 75.008 49.895 313.486 284.051 310.896 342.175 312.462 266.048 275.489 312.263 64.322 77.057 92.461 118.036 106.973 279.760 308.557 305.202 339.738 334.134 316.337 357.052 76.191 219.565 145.299 109.374 98.921 155.811 243.893 225.146 216.109 259.307 296.579 348.580 86.001 103.588 157.499 184.985 160.579 123.744 159.536 165.579 196.636
24.955 11.686 8.238 93.635 74.666 75.837 68.351 45.010 225.000 250.284 235.506 229.277 261.963 291.619 341.628 330.839 311.805 274.741 92.474 92.437 17.077 276.277 343.228 26.250 47.516 66.921 13.629 266.148 252.225 234.460 280.749 267.931 208.806 110.977 128.433 109.145 115.815 95.828 317.456 285.295 301.730 308.010 283.214 315.352 323.362 13.137 84.024 106.782 133.145 127.855 114.615 240.932 283.439 305.965 318.195 323.156 289.652 340.878 99.353 52.675 19.064 10.891 12.353 10.949 7.218 8.677 307.576
68.772 92.823 192.767 194.897 129.039 111.806 93.544 54.628 225.000 249.564 239.336 235.708 205.850 194.964 216.733 205.510 230.748 143.464 94.676 46.197 335.886 297.447 350.806 57.652 34.887 78.274 353.924 270.820 253.475 301.513 349.555 90.259 147.548 182.680 166.544 146.206 117.718 94.570 306.262 295.363 263.846 290.108 253.120 241.547 295.785 144.169 112.049 136.114 133.286 145.695 356.138 7.151 348.334 325.598 312.751 303.126 285.572 325.677 89.391 52.482 3.448 332.575 341.647 1.648 6.594 15.175 7.396
152.946 141.190 143.686 135.392 344.802 96.855 83.415 88.487 135.000 267.409 285.893 278.682 278.042 244.879 172.824 190.284 194.437 210.412 281.955 27.783 325.904 328.678 30.808 138.052 89.250 92.831 49.459 316.828 306.524 31.409 101.365 181.488 174.843 172.201 78.058 76.204 75.998 50.428 281.584 308.925 23.474 310.465 270.839 249.775 168.146 125.474 139.347 132.237 104.266 334.585 333.012 343.412 346.601 314.036 321.272 297.919 246.847 133.871 110.213 137.352 250.377 212.891 236.046 327.112 18.894 33.839 44.026
109.813 66.273 5.582 29.093 12.272 347.891 55.416 79.006 43.342 228.999 257.476 258.722 231.160 167.329 180.765 206.763 207.988 204.802 183.054 254.979 283.471 297.917 1.587 70.535 44.431 47.425 25.029 317.815 331.170 143.453 166.124 155.666 110.121 9.412 8.213 48.702 71.405 6.274 284.598 299.916 18.909 24.490 291.121 286.133 103.148 108.530 124.152 85.356 350.744 317.487 331.566 3.507 1.197 330.672 322.625 300.574 182.042 216.190 144.923 124.126 153.078 217.739 221.642 215.926 216.669 136.206 126.463
70.086 42.745 289.265 42.728 340.822 327.276 67.212 67.164 44.400 226.680 226.648 224.620 196.736 172.499 176.671 190.166 201.163 210.425 202.763 189.514 210.304 210.929 176.290 55.504 47.102 341.833 338.494 330.151 114.165 95.790 125.303 0.582 351.153 356.624 330.134 97.145 86.270 346.422 286.035 306.888 18.782 28.733 303.387 310.126 45.415 53.970 45.143 26.918 329.860 308.278 330.178 14.501 25.566 300.030 10.026 129.895 127.975 183.522 246.183 26.692 110.254 103.107 211.283 241.908 229.546 115.151 102.944
80.267 319.500 281.917 33.846 342.228 338.200 55.287 57.532 54.022 42.677 229.336 227.720 206.289 174.569 213.401 212.422 174.441 193.910 205.864 204.356 206.810 202.605 182.319 159.389 173.793 217.817 223.848 217.455 104.383 72.865 10.089 329.765 323.487 14.190 87.620 80.616 79.466 316.900 291.913 296.168 353.964 358.978 331.414 15.335 50.049 18.203 21.067 5.838 307.382 301.135 336.144 86.349 147.931 204.170 125.997 129.101 153.863 182.205 198.250 178.110 46.606 140.414 246.805 226.674 218.933 119.081 120.328
64.791 13.362 315.619 10.578 26.111 17.709 77.140 70.702 74.799 45.343 37.173 242.086 291.403 291.278 359.419 333.056 305.555 345.043 229.495 151.924 191.004 206.256 196.042 190.834 203.263 227.111 237.609 148.687 73.613 27.652 323.764 324.783 17.414 37.811 38.508 75.894 43.639 278.160 304.196 269.847 6.774 97.161 268.031 333.447 127.123 44.253 50.766 12.092 279.583 285.368 176.850 150.220 142.850 176.421 157.821 133.356 146.906 166.021 194.675 213.012 175.014 130.830 146.796 217.258 223.753 179.366 127.125
21.195 349.759 329.946 1.976 90.696 69.124 106.789 99.691 66.724 69.754 43.976 304.336 290.067 310.434 290.691 332.031 15.907 345.532 328.121 14.963 26.188 336.021 307.096 323.920 332.397 313.655 316.010 5.653 12.674 326.792 333.073 340.633 1.029 40.572 90.927 46.882 312.353 297.302 310.676 230.068 227.658 237.110 136.985 119.458 155.588 156.206 103.715 176.059 239.643 169.816 168.545 188.496 128.708 130.471 148.687 152.847 151.261 153.466 178.151 191.553 190.026 158.069 153.497 204.038 218.470 197.619 145.875
13.618 17.214 318.834 346.134 97.383 67.981 78.819 36.444 49.333 88.519 60.379 305.531 280.652 304.658 3.956 287.450 322.193 4.299 11.034 42.688 17.677 328.813 335.072 347.658 331.607 324.915 315.582 329.918 5.334 1.245 341.120 86.851 121.922 136.708 124.644 23.513 282.833 327.169 41.533 340.809 239.787 274.461 50.876 154.825 107.003 149.856 171.862 197.904 203.887 157.531 176.092 226.154 165.329 42.974 75.677 93.600 97.255 116.594 162.602 191.443 191.398 169.075 157.615 182.634 212.063 195.549 157.960
100.572 110.987 241.995 188.867 92.921 103.056 117.738 96.334 92.174 88.897 75.261 307.945 298.222 321.164 346.992 333.112 342.787 265.399 11.677 110.352 95.341 277.530 308.710 332.986 355.961 321.211 329.615 4.882 353.305 333.349 70.538 129.476 165.179 159.379 92.788 211.366 285.767 9.636 89.443 338.338 260.754 286.672 70.103 120.683 103.519 120.332 170.887 206.298 202.565 150.568 152.453 247.928 192.377 86.900 61.288 85.313 98.705 108.780 136.997 149.565 182.696 164.944 149.701 169.666 203.403 200.918 175.129
154.024 171.254 190.555 208.266 112.514 96.269 338.447 37.593 54.925 72.028 76.095 272.103 275.084 289.894 329.343 327.387 318.035 19.403 110.121 94.723 112.717 277.854 291.297 320.197 329.849 349.164 323.352 270.713 205.495 157.786 106.079 82.432 86.154 51.676 67.518 295.967 276.229 256.655 92.224 84.877 263.968 217.607 133.573 116.545 116.287 103.539 128.688 223.160 243.017 95.682 114.368 256.144 205.538 151.676 154.200 137.591 115.019 111.904 109.566 123.266 119.201 93.244 124.600 129.148 189.658 191.357 180.288
109.363 157.919 253.110 321.310 35.423 34.583 51.935 45.431 72.847 73.999 81.106 226.778 249.296 233.004 246.872 247.608 326.205 341.647 90.190 66.124 323.683 294.755 274.666 352.965 159.017 263.012 232.369 154.127 230.242 146.049 58.452 354.372 8.814 41.758 40.310 302.862 283.095 51.677 67.428 202.706 292.285 133.960 149.539 156.158 130.460 114.640 143.454 264.331 240.549 268.772 112.962 221.005 212.683 146.662 156.312 149.096 130.989 109.306 120.943 161.076 117.906 116.145 112.944 145.649 216.718 241.729 110.403
