tests/dem_reading/ref_AZI.asc
ncols               386
nrows               229
xllcorner    479497.492
yllcorner     73502.967
cellsize       1000.000
NODATA_value -999
[rows 87 to 115 of 229, columns 268 to 334 of 386]
234.408 223.173 217.491 188.960 144.808 121.444 131.324 131.946 75.763 312.453 274.856 290.423 284.885 289.209 338.079 355.730 315.382 -999.000 -999.000 -999.000 -999.000 -999.000 -999.000 -999.000 -999.000 -999.000 -999.000 -999.000 -999.000 -999.000 -999.000 -999.000 -999.000 -999.000 -999.000 -999.000 -999.000 -999.000 -999.000 -999.000 -999.000 -999.000 -999.000 -999.000 -999.000 -999.000 -999.000 -999.000 -999.000 -999.000 -999.000 -999.000 -999.000 -999.000 -999.000 -999.000 -999.000 -999.000 -999.000 -999.000 -999.000 -999.000 -999.000 -999.000 -999.000 -999.000 -999.000
30.126 240.101 225.212 191.781 157.045 142.916 135.090 317.779 340.206 357.314 257.379 270.808 288.585 295.178 353.114 6.524 195.266 175.199 176.032 -999.000 165.596 174.537 204.519 216.561 -999.000 -999.000 -999.000 -999.000 -999.000 -999.000 -999.000 -999.000 -999.000 -999.000 -999.000 -999.000 -999.000 -999.000 -999.000 -999.000 -999.000 -999.000 -999.000 -999.000 -999.000 -999.000 -999.000 -999.000 -999.000 -999.000 -999.000 -999.000 -999.000 -999.000 -999.000 -999.000 -999.000 -999.000 -999.000 -999.000 -999.000 -999.000 -999.000 -999.000 -999.000 -999.000 -999.000
44.732 42.635 25.151 222.870 138.623 132.820 127.718 316.852 315.521 298.376 266.037 250.169 236.738 245.945 248.894 188.105 154.543 166.584 182.239 177.901 169.067 193.596 206.747 214.600 198.340 195.937 -999.000 -999.000 -999.000 -999.000 -999.000 -999.000 -999.000 -999.000 -999.000 -999.000 -999.000 -999.000 -999.000 -999.000 -999.000 -999.000 -999.000 -999.000 -999.000 -999.000 -999.000 -999.000 -999.000 -999.000 -999.000 -999.000 -999.000 -999.000 -999.000 -999.000 -999.000 -999.000 -999.000 -999.000 -999.000 -999.000 -999.000 -999.000 -999.000 -999.000 -999.000
42.740 48.193 56.139 55.941 45.802 104.619 234.353 226.776 205.751 239.645 237.549 242.097 231.385 222.978 197.218 187.670 112.115 159.596 171.769 153.863 154.085 181.067 208.423 233.765 227.391 231.450 324.807 342.827 120.741 129.590 136.484 -999.000 -999.000 -999.000 -999.000 -999.000 -999.000 -999.000 -999.000 -999.000 -999.000 -999.000 -999.000 -999.000 -999.000 -999.000 -999.000 -999.000 -999.000 -999.000 -999.000 -999.000 -999.000 -999.000 -999.000 -999.000 -999.000 -999.000 -999.000 -999.000 -999.000 -999.000 -999.000 -999.000 -999.000 -999.000 -999.000
1.214 56.452 51.955 41.585 43.387 47.341 26.546 227.279 226.446 175.663 171.428 232.274 246.053 226.483 236.153 223.165 89.735 24.144 52.557 79.683 136.037 235.609 239.041 284.080 281.912 77.857 265.804 198.151 154.379 162.092 193.437 247.231 230.575 -999.000 -999.000 -999.000 -999.000 -999.000 -999.000 -999.000 -999.000 -999.000 -999.000 -999.000 -999.000 -999.000 -999.000 -999.000 -999.000 -999.000 -999.000 -999.000 -999.000 -999.000 -999.000 -999.000 -999.000 -999.000 -999.000 -999.000 -999.000 -999.000 -999.000 -999.000 -999.000 -999.000 -999.000
282.137 8.637 43.021 43.079 22.907 9.740 41.771 43.020 2.470 230.379 242.099 196.102 238.047 245.034 242.111 243.272 257.338 35.902 73.531 80.451 105.844 275.689 274.796 285.113 231.450 147.314 201.552 180.467 147.372 152.860 200.940 233.643 223.532 219.441 212.585 152.954 146.772 277.847 -999.000 -999.000 -999.000 -999.000 -999.000 -999.000 -999.000 -999.000 -999.000 -999.000 -999.000 -999.000 -999.000 -999.000 -999.000 -999.000 -999.000 -999.000 -999.000 -999.000 -999.000 -999.000 -999.000 -999.000 -999.000 -999.000 -999.000 -999.000 -999.000
299.110 15.568 48.444 24.526 17.293 12.251 12.547 22.148 42.528 43.112 228.126 229.493 225.770 246.926 231.910 247.418 221.810 165.989 122.689 116.815 130.795 237.290 258.129 239.256 180.242 129.612 179.200 174.755 131.749 229.385 245.764 261.204 261.005 201.622 191.845 134.564 155.422 257.899 -999.000 -999.000 -999.000 -999.000 -999.000 -999.000 -999.000 -999.000 -999.000 -999.000 -999.000 -999.000 -999.000 -999.000 -999.000 -999.000 -999.000 -999.000 -999.000 -999.000 -999.000 -999.000 -999.000 -999.000 -999.000 -999.000 -999.000 -999.000 -999.000
306.271 10.593 59.514 23.563 0.733 12.714 27.948 40.833 28.271 41.796 40.742 217.931 223.898 230.215 230.568 227.524 211.635 176.039 146.948 130.425 168.873 229.016 229.446 221.118 164.616 131.224 186.771 172.560 151.564 233.566 265.557 280.294 272.461 255.187 119.963 96.965 203.187 250.063 252.359 -999.000 -999.000 -999.000 -999.000 -999.000 -999.000 -999.000 -999.000 -999.000 -999.000 -999.000 -999.000 -999.000 -999.000 -999.000 -999.000 -999.000 -999.000 -999.000 -999.000 -999.000 -999.000 -999.000 -999.000 -999.000 -999.000 -999.000 -999.000
293.198 33.399 52.091 1.161 0.679 19.433 45.199 71.868 45.692 47.141 42.713 40.375 230.608 226.761 224.019 234.181 212.474 161.676 151.514 132.428 152.159 224.507 226.638 206.391 162.814 138.859 187.174 231.834 183.155 250.079 254.351 248.866 236.379 127.099 140.819 267.341 256.892 290.530 274.236 -999.000 -999.000 -999.000 -999.000 -999.000 -999.000 -999.000 -999.000 -999.000 -999.000 -999.000 -999.000 -999.000 -999.000 -999.000 -999.000 -999.000 -999.000 -999.000 -999.000 -999.000 -999.000 -999.000 -999.000 -999.000 -999.000 -999.000 -999.000
302.894 345.228 46.554 8.352 359.176 40.990 73.467 78.556 12.273 354.087 35.328 44.587 42.896 232.942 223.192 225.741 199.559 174.393 168.344 148.949 188.361 210.406 189.776 192.874 185.486 197.723 243.327 323.261 314.689 306.503 310.082 216.530 214.138 186.284 156.283 211.763 300.773 308.931 -999.000 -999.000 -999.000 -999.000 -999.000 -999.000 -999.000 -999.000 -999.000 -999.000 -999.000 -999.000 -999.000 -999.000 -999.000 -999.000 -999.000 -999.000 -999.000 -999.000 -999.000 -999.000 -999.000 -999.000 -999.000 -999.000 -999.000 -999.000 -999.000
315.429 15.846 69.399 59.051 112.297 126.854 113.217 95.945 328.871 326.153 37.564 48.365 45.501 37.331 234.323 222.851 268.953 174.462 63.227 150.646 336.080 306.930 89.646 151.435 244.039 298.672 327.998 333.075 334.534 342.836 339.605 234.302 196.258 200.169 177.863 278.809 281.218 273.267 -999.000 -999.000 -999.000 -999.000 -999.000 -999.000 -999.000 -999.000 -999.000 -999.000 -999.000 -999.000 -999.000 -999.000 -999.000 -999.000 -999.000 -999.000 -999.000 -999.000 -999.000 -999.000 -999.000 -999.000 -999.000 -999.000 -999.000 -999.000 -999.000
268.612 54.722 112.663 148.675 151.973 155.062 127.975 98.576 275.490 307.750 62.946 80.206 72.512 39.248 272.400 272.130 305.640 326.776 355.988 343.216 348.703 351.031 358.715 25.456 37.171 293.745 262.815 254.202 276.356 295.275 339.211 68.029 41.082 296.324 303.469 324.012 291.598 261.208 -999.000 -999.000 -999.000 -999.000 -999.000 -999.000 -999.000 -999.000 -999.000 -999.000 -999.000 -999.000 -999.000 -999.000 -999.000 -999.000 -999.000 -999.000 -999.000 -999.000 -999.000 -999.000 -999.000 -999.000 -999.000 -999.000 -999.000 -999.000 -999.000
287.487 127.976 73.614 84.519 48.483 54.983 77.320 60.773 273.171 298.770 89.996 92.105 97.283 130.771 284.659 308.230 264.791 332.256 330.488 328.128 332.537 358.904 30.020 48.473 29.841 256.371 236.948 239.030 252.809 228.559 113.077 104.127 257.084 267.948 314.109 314.921 290.164 273.414 -999.000 -999.000 -999.000 -999.000 -999.000 -999.000 -999.000 -999.000 -999.000 -999.000 -999.000 -999.000 -999.000 -999.000 -999.000 -999.000 -999.000 -999.000 -999.000 -999.000 -999.000 -999.000 -999.000 -999.000 -999.000 -999.000 -999.000 -999.000 -999.000
307.536 61.763 72.350 43.217 14.607 24.074 55.271 48.567 273.832 282.789 94.575 93.659 97.691 124.200 311.699 300.597 284.871 331.156 323.430 288.794 316.394 344.715 78.919 101.047 105.247 231.545 272.740 270.845 266.523 233.328 162.220 124.181 254.043 284.580 308.328 350.174 318.557 333.492 316.657 -999.000 -999.000 -999.000 -999.000 -999.000 -999.000 -999.000 -999.000 -999.000 -999.000 -999.000 -999.000 -999.000 -999.000 -999.000 -999.000 -999.000 -999.000 -999.000 -999.000 -999.000 -999.000 -999.000 -999.000 -999.000 -999.000 -999.000 -999.000
180.695 43.192 176.192 80.473 83.841 111.060 96.219 23.562 264.355 34.390 99.065 97.841 96.331 325.979 308.807 289.140 296.207 313.439 321.053 270.501 272.794 122.744 119.574 97.099 118.784 135.838 256.447 237.717 221.821 175.466 161.920 197.942 258.958 285.046 270.361 265.361 310.615 229.128 131.542 110.147 -999.000 -999.000 -999.000 -999.000 -999.000 -999.000 -999.000 -999.000 -999.000 -999.000 -999.000 -999.000 -999.000 -999.000 -999.000 -999.000 -999.000 -999.000 -999.000 -999.000 -999.000 -999.000 -999.000 -999.000 -999.000 -999.000 85.532
173.167 166.809 169.342 122.848 148.043 121.290 108.006 281.831 287.037 59.498 103.113 101.393 101.419 345.514 279.214 286.763 281.093 27.982 313.372 284.203 245.594 101.066 109.602 77.598 64.271 2.655 240.562 210.947 184.624 180.516 160.568 196.796 237.855 232.019 209.602 220.160 229.436 182.488 138.945 143.398 177.934 -999.000 -999.000 -999.000 -999.000 -999.000 -999.000 -999.000 -999.000 -999.000 -999.000 -999.000 -999.000 -999.000 -999.000 -999.000 -999.000 -999.000 -999.000 -999.000 -999.000 -999.000 -999.000 -999.000 -999.000 -999.000 79.719
173.290 169.435 194.385 164.170 148.107 134.517 148.549 273.120 321.292 63.103 70.876 61.962 75.064 37.823 294.956 279.238 291.725 341.805 47.855 299.105 284.527 71.826 74.106 53.497 351.679 16.573 3.342 342.921 188.393 152.471 186.137 205.788 202.864 209.421 213.064 222.897 218.018 203.761 152.089 145.909 181.452 212.657 206.637 197.058 186.141 180.617 -999.000 -999.000 -999.000 -999.000 -999.000 -999.000 -999.000 -999.000 -999.000 -999.000 -999.000 -999.000 -999.000 -999.000 -999.000 -999.000 -999.000 -999.000 -999.000 -999.000 73.638
194.419 151.652 155.383 152.470 128.935 142.151 300.158 309.724 21.970 66.977 68.824 61.822 71.796 30.240 296.062 264.607 294.140 334.946 49.205 306.221 294.415 62.738 55.789 41.286 335.179 359.087 22.840 31.870 351.984 329.506 5.810 10.352 186.213 205.670 210.905 218.992 222.438 198.846 154.769 20.945 245.722 267.073 222.565 194.653 185.832 202.590 239.152 -999.000 -999.000 -999.000 -999.000 -999.000 -999.000 -999.000 -999.000 -999.000 -999.000 -999.000 -999.000 -999.000 -999.000 -999.000 -999.000 -999.000 -999.000 68.495 69.580
16.601 26.916 47.438 70.681 18.874 309.726 313.532 333.512 24.559 94.090 94.530 107.044 99.029 141.352 262.931 275.191 263.179 309.418 81.473 319.568 292.630 32.135 63.645 49.206 317.775 321.324 32.453 38.187 1.134 344.302 8.905 16.856 12.862 347.757 225.170 208.737 209.956 197.545 184.963 221.895 297.882 332.120 329.685 322.324 47.996 249.682 254.676 221.812 291.825 305.286 -999.000 -999.000 -999.000 -999.000 -999.000 -999.000 -999.000 -999.000 -999.000 -999.000 -999.000 -999.000 -999.000 -999.000 -999.000 67.236 53.924
34.937 59.488 101.206 69.776 316.825 287.035 293.217 345.220 98.000 104.223 102.628 103.167 107.105 244.522 279.658 282.763 257.914 295.265 67.051 343.731 309.583 41.172 69.697 31.933 291.101 324.755 39.560 38.678 346.522 335.952 24.897 30.034 26.636 20.595 7.779 296.694 211.210 196.983 195.290 215.844 269.104 252.980 11.068 338.381 337.513 352.851 331.476 133.879 148.366 230.157 184.707 -999.000 -999.000 -999.000 -999.000 -999.000 -999.000 -999.000 -999.000 -999.000 -999.000 -999.000 -999.000 -999.000 -999.000 -999.000 57.000
130.420 133.105 116.940 88.640 273.110 288.140 269.300 82.802 124.841 104.923 108.865 100.712 136.025 304.827 299.713 287.740 288.119 299.130 349.020 354.425 331.951 57.423 49.718 37.748 320.439 317.105 56.132 33.222 330.706 343.997 21.481 39.704 22.697 16.760 18.254 24.630 6.721 359.410 215.044 233.030 231.578 204.381 186.087 206.661 198.635 184.293 256.625 141.514 199.593 218.492 206.396 240.219 -999.000 -999.000 -999.000 -999.000 -999.000 -999.000 -999.000 -999.000 -999.000 -999.000 -999.000 -999.000 -999.000 138.407 66.972
106.399 118.996 100.273 317.454 290.324 294.283 119.057 123.256 132.828 128.849 117.372 120.348 199.671 299.342 288.923 298.059 306.590 308.747 345.375 333.429 327.151 21.864 36.224 11.451 331.887 316.206 44.999 34.298 326.469 338.978 25.528 35.421 19.113 6.544 9.298 15.573 30.914 37.328 1.285 234.791 215.528 208.617 185.687 191.690 202.503 178.824 174.462 159.109 173.521 237.277 228.665 241.156 -999.000 -999.000 -999.000 -999.000 -999.000 -999.000 -999.000 -999.000 -999.000 -999.000 178.156 157.526 155.387 181.467 198.537
88.961 108.492 70.163 287.800 287.819 258.317 129.470 137.625 136.239 138.311 128.446 139.091 275.995 288.957 292.206 283.762 293.199 259.946 243.032 229.429 121.196 75.996 321.623 315.960 262.004 317.351 33.652 348.724 352.735 66.923 19.190 28.828 356.814 355.050 10.517 20.528 37.052 50.274 28.932 292.128 276.675 239.142 206.521 186.649 208.589 218.331 198.020 82.756 172.724 316.839 225.421 251.396 277.354 292.913 281.063 -999.000 -999.000 -999.000 -999.000 -999.000 -999.000 150.919 152.731 148.529 180.542 214.437 206.686
111.803 100.522 153.138 277.095 225.000 157.278 149.278 149.000 148.007 146.471 134.469 155.284 301.686 290.135 301.883 274.237 220.764 220.419 192.541 187.446 186.561 174.275 188.764 184.534 195.770 256.462 134.595 122.180 189.011 221.746 203.329 47.056 339.490 355.866 59.524 96.671 101.060 88.628 7.839 339.302 351.634 347.534 345.030 23.826 11.387 307.943 321.040 359.862 351.262 322.106 310.237 295.126 333.030 291.427 261.542 123.870 -999.000 194.716 195.359 171.173 153.898 155.102 135.855 154.151 228.453 326.102 254.803
123.399 110.543 139.247 211.312 194.362 167.317 159.438 151.004 142.723 133.974 323.493 330.719 328.031 282.524 254.763 232.278 189.049 182.793 193.679 198.579 190.449 181.627 183.226 190.782 210.742 215.494 197.796 164.858 211.643 252.397 327.344 334.354 351.948 22.609 98.253 113.926 132.136 103.596 113.674 336.549 327.531 341.813 1.056 28.112 33.521 312.280 308.997 320.233 358.331 343.980 336.868 337.279 296.543 242.002 8.915 154.507 131.662 150.648 227.092 185.540 127.868 120.175 128.749 317.556 281.644 322.800 71.644
135.178 138.443 157.096 189.364 179.890 156.280 153.952 134.057 341.335 321.613 337.719 10.139 27.225 232.993 202.301 171.146 169.235 198.696 204.839 186.045 197.558 183.294 189.685 198.431 208.816 216.588 197.751 162.583 268.508 285.582 318.196 321.067 274.826 11.899 85.246 88.590 75.494 346.677 294.224 314.012 343.895 291.667 305.618 38.728 73.861 313.959 288.272 208.441 66.557 177.708 227.555 246.049 209.601 165.646 273.266 214.903 89.950 105.193 196.481 257.332 171.234 90.364 97.637 189.702 257.276 217.704 109.537
162.185 138.015 154.386 191.739 159.133 142.756 124.933 326.250 325.123 330.894 331.317 20.979 35.273 304.574 276.600 317.980 26.820 129.685 189.600 211.725 218.086 202.633 206.178 193.743 202.069 203.055 192.802 192.381 217.714 247.688 225.779 214.011 187.718 144.699 102.588 102.871 81.862 297.997 325.062 320.565 290.042 291.072 310.022 26.629 45.681 48.684 269.071 245.075 251.402 268.618 17.035 348.518 198.251 116.984 166.231 230.018 58.842 110.263 147.555 238.003 7.564 89.597 75.295 201.237 236.874 187.286 144.594
164.688 139.315 143.628 130.304 0.699 319.202 335.747 350.390 334.533 318.796 344.695 56.510 56.957 340.400 336.382 2.452 5.463 3.775 356.869 334.490 325.755 339.820 342.005 344.615 37.852 314.904 259.179 250.534 259.636 260.603 269.144 224.320 116.738 146.778 134.762 115.662 137.187 239.611 244.369 262.424 252.463 275.015 312.266 47.050 57.738 78.888 267.677 246.567 239.454 311.088 326.476 319.704 305.440 93.953 166.034 254.513 161.947 100.611 103.931 260.674 235.522 86.020 100.850 104.606 222.254 187.481 165.866
99.435 98.912 129.566 324.362 315.627 333.699 344.590 342.669 335.942 316.118 25.078 94.052 53.171 305.691 327.160 351.800 10.481 26.625 358.896 336.082 346.272 356.988 358.118 7.322 46.986 1.758 300.772 317.338 315.336 320.276 317.971 323.711 148.237 139.315 126.424 127.632 246.297 271.127 272.680 163.882 196.916 225.250 256.182 274.270 78.607 77.165 18.954 270.622 271.292 217.085 190.470 208.727 322.537 83.683 82.235 284.097 241.776 98.637 112.235 247.599 211.524 155.524 115.691 135.998 200.641 162.399 162.393
